0 0.0 0.0 0.0 0.0
0 0.28657779641230535 0.2110280419648985 0.08995903706953277 0.18703304245514263
0 0.4770014304740295 0.20276497695852536 0.08201030927835051 0.17050691244239632
0 0.0 0.0 0.0 0.0
0 0.0 0.0 0.0 0.0
0 0.0 0.0 0.0 0.0
0 0.38788659793814434 0.27880184331797236 0.09309278350515462 0.1935483870967742
0 0.4729381443298969 0.28456221198156684 0.09198453608247421 0.1912442396313364
0 0.0 0.0 0.0 0.0
0 0.0 0.0 0.0 0.0
0 0.2654639175257732 0.315668202764977 0.10860824742268041 0.22580645161290322
0 0.0 0.0 0.0 0.0
0 0.0 0.0 0.0 0.0
0 0.0 0.0 0.0 0.0
0 0.0 0.0 0.0 0.0
0 0.2229381443298969 0.07142857142857142 0.04876288659793814 0.10138248847926268
