0 0.3416666666666667 0.4 0.09316666666666666 0.1625
0 0.4010416666666667 0.41796875 0.0564375 0.09843750000000001
0 0.45729166666666665 0.39296875000000003 0.0886875 0.1546875
0 0.616839447102605 0.39687500000000003 0.09316666666666666 0.1625
0 0.840322634237108 0.41324800531914896 0.20514583333333333 0.35781250000000003
0 1.1427083333333332 0.4109375 0.18633333333333332 0.325
0 1.2595508373205742 0.3984375 0.18991666666666665 0.33125000000000004
0 0.371057615629984 0.3829621010638298 0.042085106382978736 0.07340425531914896
0 0.5635084396597554 0.3853557180851064 0.03568085106382979 0.062234042553191496
0 0.29024953482190324 0.3813663563829787 0.03110638297872342 0.0542553191489362
