0 0.996875 0.434375 0.04658333333333333 0.08125
0 0.4322916666666667 0.45625000000000004 0.05375 0.09375
0 0.4 0.4578125 0.06270833333333332 0.109375
0 0.278125 0.4546875 0.06091666666666666 0.10625000000000001
0 0.06145833333333333 0.446875 0.059125 0.10312500000000001
0 0.09791666666666667 0.4442403590425532 0.061478945035461016 0.10723071808510642
0 0.021875 0.4495262632978723 0.04888009751773046 0.08525598404255313
0 0.15458770268474217 0.4438746675531915 0.06435704787234042 0.11225066489361701
0 1.0510416666666667 0.44062500000000004 0.043000000000000003 0.07500000000000001
0 0.7580857921318447 0.3079621010638298 0.03842553191489363 0.06702127659574471
