0 0.3170103092783505 0.5092165898617511 0.14628865979381442 0.30414746543778803
0 0.27190721649484534 0.11981566820276497 0.05984536082474226 0.12442396313364056
0 0.3595360824742268 0.12327188940092165 0.06095360824742268 0.12672811059907835
0 0.3530927835051546 0.29147465437788017 0.08533505154639175 0.1774193548387097
0 0.25257731958762886 0.29147465437788017 0.09198453608247421 0.1912442396313364
0 0.5219072164948454 0.46774193548387094 0.15737113402061856 0.3271889400921659
0 0.4437161906641015 0.637721835474066 0.17902911822768144 0.3722178644965192
0 0.6314432989690721 0.636770761839396 0.1781142246106602 0.37031571722717904
0 0.0 0.0 0.0 0.0
0 0.0 0.0 0.0 0.0
0 0.0 0.0 0.0 0.0
0 0.0 0.0 0.0 0.0
0 0.0 0.0 0.0 0.0
0 0.0 0.0 0.0 0.0
0 0.0 0.0 0.0 0.0
0 0.0 0.0 0.0 0.0
0 0.240681366020487 0.04801206000588296 0.045077374424215874 0.09371997254632813
