0 0.23068347953216375 0.3935422207446808 0.13106804078014186 0.22860704787234046
0 0.47291666666666665 0.4140625 0.10033333333333333 0.17500000000000002
0 0.9854166666666666 0.41640625000000003 0.07793749999999999 0.13593750000000002
0 0.3803511430090377 0.4031831781914894 0.11101662234042549 0.19363364361702123
0 0.32708333333333334 0.40390625 0.09585416666666666 0.16718750000000002
0 1.19375 0.42500000000000004 0.05375 0.09375
0 1.1114583333333332 0.40937500000000004 0.048374999999999994 0.084375
0 0.7073780568846358 0.40546875000000004 0.05285416666666667 0.0921875
0 0.7854166666666667 0.4078125 0.05375 0.09375
0 0.80625 0.40468750000000003 0.050166666666666665 0.08750000000000001
0 1.1479166666666667 0.41008976063829794 0.04025531914893619 0.07021276595744684
