0 0.0 0.0 0.0 0.0
0 0.0 0.0 0.0 0.0
0 0.0 0.0 0.0 0.0
0 0.0 0.0 0.0 0.0
0 0.0 0.0 0.0 0.0
0 0.0 0.0 0.0 0.0
0 0.0 0.0 0.0 0.0
0 0.3622767967247077 0.3099078341013825 0.0631701030927835 0.1313364055299539
0 0.30260794324142126 0.3387096774193548 0.07092783505154639 0.14746543778801843
0 0.6597938144329897 0.3064516129032258 0.05762886597938144 0.11981566820276497
0 0.6494845360824743 0.3721198156682028 0.0631701030927835 0.1313364055299539
0 0.6229642463703776 0.347926267281106 0.06206185567010309 0.12903225806451613
