0 0.3324742268041237 0.4608294930875576 0.13298969072164948 0.2764976958525346
0 0.27963917525773196 0.11405529953917051 0.05873711340206185 0.12211981566820276
0 0.3543814432989691 0.11635944700460829 0.05873711340206185 0.12211981566820276
0 0.3582474226804124 0.27419354838709675 0.08201030927835051 0.17050691244239632
0 0.2538659793814433 0.27534562211981567 0.08976804123711339 0.18663594470046083
0 0.6314432989690721 0.5083856260417687 0.16987075016450973 0.35317678203745456
0 0.4308635048257945 0.6894965192665947 0.18228783724500985 0.3789930385331895
0 0.6237473075848007 0.6941048141974703 0.1778548475542882 0.36977644867143833
0 0.0 0.0 0.0 0.0
0 0.0 0.0 0.0 0.0
0 0.0 0.0 0.0 0.0
0 0.0 0.0 0.0 0.0
0 0.0 0.0 0.0 0.0
0 0.0 0.0 0.0 0.0
0 0.0 0.0 0.0 0.0
0 0.0 0.0 0.0 0.0
0 0.23441379338693502 0.0478110599078341 0.044884020618556696 0.09331797235023041
