0 0.0 0.0 0.0 0.0
0 0.3582474226804124 0.32373271889400923 0.11414948453608247 0.23732718894009217
0 0.5865375129482562 0.3225806451612903 0.11304123711340205 0.2350230414746544
0 0.0 0.0 0.0 0.0
0 0.0 0.0 0.0 0.0
0 0.0 0.0 0.0 0.0
0 0.2860824742268041 0.18317972350230416 0.06981958762886598 0.14516129032258066
0 0.3865979381443299 0.18317972350230416 0.06538659793814433 0.1359447004608295
0 0.0 0.0 0.0 0.0
0 0.0 0.0 0.0 0.0
0 0.0 0.0 0.0 0.0
0 0.3337628865979381 0.39285714285714285 0.12079896907216493 0.2511520737327189
0 0.615979381443299 0.39976958525345624 0.12744845360824741 0.26497695852534564
0 0.4265463917525773 0.402073732718894 0.11636597938144329 0.24193548387096775
0 0.731660747463786 0.4043778801843318 0.11193298969072164 0.23271889400921658
0 0.24484536082474226 0.06336405529953917 0.036572164948453605 0.07603686635944701
