0 0.0 0.0 0.0 0.0
0 0.32989690721649484 0.2786229042062947 0.10178663084009647 0.21162368859692118
0 0.5257731958762887 0.2868663594470046 0.10306701030927835 0.21428571428571427
0 0.0 0.0 0.0 0.0
0 0.0 0.0 0.0 0.0
0 0.0 0.0 0.0 0.0
0 0.3210735954224831 0.197364937738994 0.07016620969510856 0.1458819492107069
0 0.4020618556701031 0.20506912442396313 0.07314432989690721 0.15207373271889402
0 0.0 0.0 0.0 0.0
0 0.0 0.0 0.0 0.0
0 0.0 0.0 0.0 0.0
0 0.336340206185567 0.46889400921658986 0.14074742268041238 0.2926267281105991
0 0.5657216494845361 0.47465437788018433 0.1440721649484536 0.2995391705069124
0 0.42396907216494845 0.47235023041474655 0.13077319587628866 0.271889400921659
0 0.6559278350515464 0.48502304147465436 0.1318814432989691 0.27419354838709675
0 0.25128865979381443 0.0576036866359447 0.037680412371134016 0.07834101382488479
