0 0.0 0.0 0.0 0.0
0 0.27190721649484534 0.1774193548387097 0.07536082474226803 0.15668202764976957
0 0.4213917525773196 0.17972350230414746 0.07757731958762885 0.16129032258064516
0 0.46387128200069055 0.618499362682616 0.16275438692695768 0.3383812138444946
0 0.31958762886597936 0.6159942151191292 0.16699402281202014 0.34719580351014795
0 0.0 0.0 0.0 0.0
0 0.4390928410529604 0.3290984410236298 0.09714613950427727 0.20197568389057755
0 0.5451030927835051 0.3352534562211982 0.10528350515463918 0.21889400921658986
0 0.0 0.0 0.0 0.0
0 0.0 0.0 0.0 0.0
0 0.42610758973347146 0.40294881851161873 0.11576469620530815 0.2406853613099323
0 0.0 0.0 0.0 0.0
0 0.0 0.0 0.0 0.0
0 0.0 0.0 0.0 0.0
0 0.0 0.0 0.0 0.0
0 0.0 0.0 0.0 0.0
0 0.3234536082474227 0.06797235023041474 0.0454381443298969 0.0944700460829493
