0 0.15104166666666666 0.375 0.1594583333333333 0.278125
0 0.3770833333333333 0.39296875000000003 0.1424375 0.2484375
0 0.4864583333333333 0.38125000000000003 0.05733333333333333 0.1
0 0.5510416666666667 0.38203125000000004 0.0456875 0.07968750000000001
0 0.60625 0.38046875 0.0510625 0.0890625
0 0.659375 0.38359375 0.04747916666666666 0.08281250000000001
0 0.7145833333333333 0.3953125 0.09495833333333333 0.16562500000000002
0 0.7666666666666666 0.403125 0.12004166666666666 0.209375
0 0.86875 0.43828125 0.08689583333333334 0.15156250000000002
0 0.8177083333333334 0.38828125 0.08689583333333334 0.15156250000000002
0 0.9552083333333333 0.41250000000000003 0.06629166666666667 0.115625
0 0.9947916666666666 0.3921875 0.0645 0.1125
0 1.0519105528973949 0.40468750000000003 0.09495833333333333 0.16562500000000002
