0 0.0 0.0 0.0 0.0
0 0.327319587628866 0.271889400921659 0.09974226804123712 0.2073732718894009
0 0.5167525773195876 0.2730414746543779 0.10306701030927835 0.21428571428571427
0 0.0 0.0 0.0 0.0
0 0.0 0.0 0.0 0.0
0 0.0 0.0 0.0 0.0
0 0.34664948453608246 0.20967741935483872 0.07314432989690721 0.15207373271889402
0 0.41881443298969073 0.21313364055299538 0.07646907216494844 0.15898617511520738
0 0.0 0.0 0.0 0.0
0 0.0 0.0 0.0 0.0
0 0.16237113402061856 0.2764976958525346 0.006649484536082474 0.013824884792626727
0 0.3389175257731959 0.49539170506912444 0.1440721649484536 0.2995391705069124
0 0.5811855670103092 0.5023041474654378 0.14628865979381442 0.30414746543778803
0 0.44329896907216493 0.5069124423963134 0.13742268041237113 0.2857142857142857
0 0.6765463917525774 0.5126728110599078 0.13631443298969073 0.2834101382488479
0 0.2538659793814433 0.05529953917050691 0.03546391752577319 0.07373271889400922
