0 0.0 0.0 0.0 0.0
0 0.30670103092783507 0.22350230414746544 0.08865979381443298 0.18433179723502305
0 0.5077319587628866 0.2269585253456221 0.09198453608247421 0.1912442396313364
0 0.0 0.0 0.0 0.0
0 0.0 0.0 0.0 0.0
0 0.0 0.0 0.0 0.0
0 0.3698453608247423 0.2488479262672811 0.08422680412371134 0.17511520737327188
0 0.4329896907216495 0.2511520737327189 0.08644329896907216 0.17972350230414746
0 0.0 0.0 0.0 0.0
0 0.0 0.0 0.0 0.0
0 0.23711340206185566 0.2661290322580645 0.0986340206185567 0.20506912442396313
0 0.38788659793814434 0.6669648985194626 0.17834530598815523 0.37079615648592984
0 0.6773715861819497 0.701036866359447 0.18673969072164948 0.3882488479262673
0 0.5025773195876289 0.7023703304245513 0.1680739745558236 0.34944112167859587
0 0.7660959157500122 0.6972129620551034 0.16754578855012064 0.3483429748014511
0 0.0 0.0 0.0 0.0
