0 0.3247422680412371 0.45161290322580644 0.1352061855670103 0.28110599078341014
0 0.2847938144329897 0.11175115207373272 0.05652061855670103 0.1175115207373272
0 0.3492268041237113 0.11290322580645161 0.05762886597938144 0.11981566820276497
0 0.3595360824742268 0.2638248847926267 0.07868556701030928 0.16359447004608296
0 0.24871134020618557 0.2626728110599078 0.08865979381443298 0.18433179723502305
0 0.6939248014600699 0.5387268359643103 0.17910928931783282 0.37238454750465727
0 0.42184288626909344 0.7160138248847926 0.17233247422680412 0.358294930875576
0 0.6494845360824743 0.7217741935483871 0.16679123711340207 0.3467741935483871
0 0.0 0.0 0.0 0.0
0 0.0 0.0 0.0 0.0
0 0.0 0.0 0.0 0.0
0 0.0 0.0 0.0 0.0
0 0.0 0.0 0.0 0.0
0 0.0 0.0 0.0 0.0
0 0.0 0.0 0.0 0.0
0 0.0 0.0 0.0 0.0
