0 0.0 0.0 0.0 0.0
0 0.0 0.0 0.0 0.0
0 0.0 0.0 0.0 0.0
0 0.0 0.0 0.0 0.0
0 0.0 0.0 0.0 0.0
0 0.0 0.0 0.0 0.0
0 0.25277462635031817 0.09101382488479262 0.0454381443298969 0.0944700460829493
0 0.3324742268041237 0.0967741935483871 0.04654639175257731 0.0967741935483871
0 0.0 0.0 0.0 0.0
0 0.0 0.0 0.0 0.0
0 0.0 0.0 0.0 0.0
0 0.0 0.0 0.0 0.0
0 0.17793576020651442 0.20541719776448683 0.07425257731958762 0.1543778801843318
0 0.0 0.0 0.0 0.0
0 0.0 0.0 0.0 0.0
0 0.23582474226804123 0.16705069124423963 0.06095360824742268 0.12672811059907835
0 0.39997985826797544 0.056451612903225805 0.03435567010309278 0.07142857142857142
0 0.0 0.0 0.0 0.0
0 0.0 0.0 0.0 0.0
0 0.3530927835051546 0.39631336405529954 0.1352061855670103 0.28110599078341014
