0 0.0 0.0 0.0 0.0
0 0.4639175257731959 0.5969580351014805 0.19079540469401185 0.39668104716148644
0 0.7268041237113402 0.6162883616040788 0.18500893836367618 0.3846504559270516
0 0.0 0.0 0.0 0.0
0 0.0 0.0 0.0 0.0
0 0.0 0.0 0.0 0.0
0 0.31254829905128334 0.12713011079517594 0.055412371134020616 0.1152073732718894
0 0.36322325260198296 0.1309221492303167 0.05723036850186445 0.11898715560349055
0 0.0 0.0 0.0 0.0
0 0.0 0.0 0.0 0.0
0 0.0 0.0 0.0 0.0
0 0.2290834278761571 0.2269585253456221 0.07868556701030928 0.16359447004608296
0 0.4175257731958763 0.22350230414746544 0.08201030927835051 0.17050691244239632
0 0.3543814432989691 0.22926267281105991 0.07646907216494844 0.15898617511520738
0 0.45103092783505155 0.23732718894009217 0.07536082474226803 0.15668202764976957
0 0.211340206185567 0.10714285714285714 0.04987113402061856 0.10368663594470046
0 0.37371134020618557 0.06658250808902832 0.04410117350296116 0.09169036180017646
