0 0.0 0.0 0.0 0.0
0 0.2693298969072165 0.18087557603686635 0.07646907216494844 0.15898617511520738
0 0.4252577319587629 0.1774193548387097 0.07536082474226803 0.15668202764976957
0 0.48711340206185566 0.657454162172762 0.1691963698179425 0.3517746837925287
0 0.32989690721649484 0.6501936464359251 0.16886153761789865 0.3510785371114815
0 0.0 0.0 0.0 0.0
0 0.4213917525773196 0.32373271889400923 0.0986340206185567 0.20506912442396313
0 0.5115979381443299 0.32373271889400923 0.10306701030927835 0.21428571428571427
0 0.0 0.0 0.0 0.0
0 0.0 0.0 0.0 0.0
0 0.38273195876288657 0.391705069124424 0.13077319587628866 0.271889400921659
0 0.0 0.0 0.0 0.0
0 0.0 0.0 0.0 0.0
0 0.0 0.0 0.0 0.0
0 0.0 0.0 0.0 0.0
0 0.0 0.0 0.0 0.0
0 0.31572164948453607 0.06912442396313365 0.04654639175257731 0.0967741935483871
