0 0.0 0.0 0.0 0.0
0 0.31958762886597936 0.26036866359447003 0.09974226804123712 0.2073732718894009
0 0.5103092783505154 0.2661290322580645 0.10085051546391753 0.20967741935483872
0 0.0 0.0 0.0 0.0
0 0.0 0.0 0.0 0.0
0 0.0 0.0 0.0 0.0
0 0.3595360824742268 0.2154377880184332 0.07868556701030928 0.16359447004608296
0 0.42783505154639173 0.2154377880184332 0.07646907216494844 0.15898617511520738
0 0.0 0.0 0.0 0.0
0 0.0 0.0 0.0 0.0
0 0.19458762886597938 0.2108294930875576 0.0809020618556701 0.16820276497695852
0 0.3518041237113402 0.534025394646534 0.16350422241719673 0.3399401902147269
0 0.586340206185567 0.5338243945484852 0.16552736345689842 0.34414648494950484
0 0.4536082474226804 0.5453451318756741 0.1544448892300943 0.32110501029512695
0 0.6997422680412371 0.5488013530738307 0.15112014696205306 0.3141925678988136
0 0.24355670103092783 0.06733258162564956 0.04703920815968413 0.09779880380429452
