0 0.0 0.0 0.0 0.0
0 0.0 0.0 0.0 0.0
0 0.0 0.0 0.0 0.0
0 0.0 0.0 0.0 0.0
0 0.0 0.0 0.0 0.0
0 0.0 0.0 0.0 0.0
0 0.21649484536082475 0.08179723502304148 0.0454381443298969 0.0944700460829493
0 0.35051546391752575 0.08525345622119816 0.04654639175257731 0.0967741935483871
0 0.0 0.0 0.0 0.0
0 0.0 0.0 0.0 0.0
0 0.0 0.0 0.0 0.0
0 0.0 0.0 0.0 0.0
0 0.0 0.0 0.0 0.0
0 0.0 0.0 0.0 0.0
0 0.0 0.0 0.0 0.0
0 0.20103092783505155 0.2108294930875576 0.07425257731958762 0.1543778801843318
0 0.40097050263897793 0.05707177174232774 0.03678202456679096 0.07647318364545543
0 0.0 0.0 0.0 0.0
0 0.2345360824742268 0.31336405529953915 0.09752577319587628 0.20276497695852536
0 0.6198453608247423 0.5618614570055888 0.17698239745558236 0.3679625453475831
