0 0.44895833333333335 0.39921875 0.08152083333333333 0.1421875
0 0.49166666666666664 0.41484375 0.08689583333333334 0.15156250000000002
0 0.56875 0.40156250000000004 0.05375 0.09375
0 0.6364583333333333 0.403125 0.051958333333333336 0.09062500000000001
0 0.6916666666666667 0.40937500000000004 0.09316666666666666 0.1625
0 0.725 0.40156250000000004 0.07166666666666666 0.125
0 0.7822916666666666 0.41015625 0.07793749999999999 0.13593750000000002
0 0.8239583333333333 0.403125 0.05554166666666666 0.096875
0 0.8541666666666666 0.43281250000000004 0.05554166666666666 0.096875
0 1.2833333333333332 0.40937500000000004 0.10033333333333333 0.17500000000000002
0 1.185518009037746 0.4037067819148938 0.10063829787234041 0.17553191489361702
