0 0.39791666666666664 0.3828125 0.06270833333333332 0.109375
0 0.484375 0.3828125 0.06629166666666667 0.115625
0 0.5677083333333334 0.38203125000000004 0.0456875 0.07968750000000001
0 0.6052083333333333 0.38359375 0.0510625 0.0890625
0 0.6458333333333334 0.38203125000000004 0.0456875 0.07968750000000001
0 0.6833333333333333 0.38515625000000003 0.05285416666666667 0.0921875
0 0.7447916666666666 0.38359375 0.05464583333333333 0.09531250000000001
0 0.8135416666666666 0.40859375000000003 0.14064583333333333 0.24531250000000002
0 0.9239583333333333 0.45625000000000004 0.09316666666666666 0.1625
0 0.8462096873338649 0.38984375000000004 0.10122916666666666 0.1765625
0 1.0697916666666667 0.41953125 0.08152083333333333 0.1421875
0 1.2333333333333334 0.4109375 0.12541666666666665 0.21875
0 0.8984366693248271 0.3941323138297874 0.09331914893617026 0.1627659574468086
0 0.9718019005847952 0.38854720744680865 0.06678723404255321 0.1164893617021277
