0 0.45564801800903776 0.3886552526595745 0.05959197695035459 0.10393949468085105
0 0.49911198332004253 0.3838680186170213 0.06508133865248228 0.11351396276595747
0 0.5479166666666666 0.375 0.051958333333333336 0.09062500000000001
0 0.71875 0.3828125 0.13258333333333333 0.23125
0 0.8322916666666667 0.39453125 0.1352708333333333 0.23593750000000002
0 0.140625 0.37343750000000003 0.10033333333333333 0.17500000000000002
0 0.9437931951089846 0.39296875000000003 0.06360416666666667 0.11093750000000001
0 0.3364583333333333 0.38359375 0.04747916666666666 0.08281250000000001
0 0.2625 0.38359375 0.04927083333333333 0.0859375
0 1.2567567118553962 0.39413231382978725 0.13357446808510642 0.2329787234042554
0 1.1748853668261563 0.3853557180851064 0.11802127659574468 0.20585106382978724
0 1.131291533758639 0.4005152925531915 0.05123404255319147 0.08936170212765955
0 1.083444643806486 0.39493018617021286 0.048489361702127684 0.08457446808510644
