0 0.2968870747628209 0.566871752132562 0.16850312568545733 0.3503333660162761
0 0.2706185567010309 0.12442396313364056 0.05984536082474226 0.12442396313364056
0 0.3672680412371134 0.12672811059907835 0.06206185567010309 0.12903225806451613
0 0.3616807658790838 0.31973477791940386 0.0970046611098925 0.20168153740562797
0 0.25773195876288657 0.31105990783410137 0.09752577319587628 0.20276497695852536
0 0.41692974235025226 0.4364373958231199 0.1494224062294363 0.3106628100794196
0 0.41867159111461877 0.593609667614472 0.17205894933099367 0.35772624767134037
0 0.6353092783505154 0.5964628885184822 0.17480363018205744 0.3634326894793607
0 0.0 0.0 0.0 0.0
0 0.0 0.0 0.0 0.0
0 0.0 0.0 0.0 0.0
0 0.0 0.0 0.0 0.0
0 0.0 0.0 0.0 0.0
0 0.0 0.0 0.0 0.0
0 0.0 0.0 0.0 0.0
0 0.0 0.0 0.0 0.0
0 0.2351084776139035 0.048963133640553 0.04599226804123711 0.0956221198156682
