0 0.29896907216494845 0.6746813413079713 0.163603257293266 0.34014609275419144
0 0.2603092783505155 0.1382488479262673 0.06427835051546392 0.1336405529953917
0 0.3595360824742268 0.14170506912442396 0.06538659793814433 0.1359447004608295
0 0.4181865453230076 0.3728086086871262 0.10816259048036847 0.22487989018531224
0 0.31958762886597936 0.3686635944700461 0.11082474226804123 0.2304147465437788
0 0.2461340206185567 0.3824884792626728 0.13298969072164948 0.2764976958525346
0 0.43556701030927836 0.48847926267281105 0.13963917525773195 0.2903225806451613
0 0.5463917525773195 0.4965437788018433 0.14739690721649484 0.3064516129032258
0 0.0 0.0 0.0 0.0
0 0.0 0.0 0.0 0.0
0 0.0 0.0 0.0 0.0
0 0.0 0.0 0.0 0.0
0 0.0 0.0 0.0 0.0
0 0.0 0.0 0.0 0.0
0 0.0 0.0 0.0 0.0
0 0.2925257731958763 0.05785125992744388 0.04630823645536301 0.09627904696538873
