0 0.22916666666666666 0.39609375 0.07077083333333332 0.1234375
0 0.9586698315390749 0.403873005319149 0.06181249999999999 0.1078125
0 0.6583333333333333 0.4 0.06091666666666666 0.10625000000000001
0 0.6072422165736311 0.39809674202127665 0.06309906914893615 0.1100565159574468
0 0.5708333333333333 0.40078125000000003 0.06181249999999999 0.1078125
0 0.5302083333333333 0.3964511303191489 0.07036103723404258 0.12272273936170218
0 0.5 0.39296875000000003 0.06539583333333333 0.11406250000000001
0 1.1822916666666667 0.41640625000000003 0.04927083333333333 0.0859375
0 0.19270833333333334 0.38359375 0.042104166666666665 0.0734375
0 0.7635848617756512 0.39687500000000003 0.037625 0.065625
0 0.8563795853269537 0.40081449468085106 0.042104166666666665 0.0734375
0 1.2344281632110579 0.40610039893617017 0.03751063829787239 0.06542553191489371
0 1.2705791467304626 0.40849401595744683 0.03476595744680853 0.06063829787234046
