0 0.5490943821459981 0.28592149487836116 0.14383802816901411 0.2736875800256083
0 0.5845678503371445 0.25855273687580027 0.13323943661971832 0.25352112676056343
0 0.4426739775725593 0.35938500320102434 0.15746478873239436 0.29961587708066584
0 0.42977453459396076 0.2628741197183099 0.1377816901408451 0.26216389244558264
0 0.3862389145411903 0.2729573463508323 0.14232394366197187 0.2708066581306019
0 0.2685314973614775 0.1577204705505762 0.11507042253521127 0.21895006402048656
0 0.31206711741424803 0.15916093149807933 0.10750000000000004 0.20454545454545464
0 0.29594281369099973 0.2614336587708067 0.13929577464788734 0.265044814340589
0 0.11977643762183238 0.15651293520309478 0.11344680851063832 0.21586073500967123
0 0.023772538986354785 0.16173537234042554 0.11344680851063832 0.21586073500967123
