0 0.0 0.0 0.0 0.0
0 0.34849820779690555 0.3013555250514756 0.10370602105724938 0.21561427590940288
0 0.5554123711340206 0.29755123051279536 0.10004644658916428 0.20800568683204235
0 0.0 0.0 0.0 0.0
0 0.0 0.0 0.0 0.0
0 0.0 0.0 0.0 0.0
0 0.298741963859978 0.1923963133640553 0.0720360824742268 0.1497695852534562
0 0.0 0.0 0.0 0.0
0 0.0 0.0 0.0 0.0
0 0.0 0.0 0.0 0.0
0 0.3368355283710683 0.4228110599078341 0.1252319587628866 0.26036866359447003
0 0.5780122165770565 0.42857142857142855 0.13077319587628866 0.271889400921659
0 0.43576431707196767 0.43202764976958524 0.12301546391752577 0.2557603686635945
0 0.6990455285354905 0.43548387096774194 0.11525773195876288 0.23963133640552994
0 0.24484536082474226 0.06336405529953917 0.036572164948453605 0.07603686635944701
0 0.38838192012364553 0.18934209236199648 0.07092783505154639 0.14746543778801843
