0 0.0 0.0 0.0 0.0
0 0.0 0.0 0.0 0.0
0 0.0 0.0 0.0 0.0
0 0.0 0.0 0.0 0.0
0 0.0 0.0 0.0 0.0
0 0.0 0.0 0.0 0.0
0 0.22164948453608246 0.08525345622119816 0.04432989690721649 0.09216589861751152
0 0.35051546391752575 0.08986175115207373 0.04654639175257731 0.0967741935483871
0 0.0 0.0 0.0 0.0
0 0.0 0.0 0.0 0.0
0 0.0 0.0 0.0 0.0
0 0.0 0.0 0.0 0.0
0 0.0 0.0 0.0 0.0
0 0.0 0.0 0.0 0.0
0 0.0 0.0 0.0 0.0
0 0.23711340206185566 0.19470046082949308 0.06981958762886598 0.14516129032258066
0 0.3991865206596622 0.05529953917050691 0.03324742268041237 0.06912442396313365
0 0.0 0.0 0.0 0.0
0 0.0 0.0 0.0 0.0
0 0.5332071392163632 0.5184454358270418 0.17849150032901942 0.371100107853711
