0 0.0 0.0 0.0 0.0
0 0.5257731958762887 0.7067972350230415 0.1811984536082474 0.37672811059907835
0 0.8157216494845361 0.7263824884792627 0.1623582474226804 0.33755760368663595
0 0.0 0.0 0.0 0.0
0 0.0 0.0 0.0 0.0
0 0.0 0.0 0.0 0.0
0 0.3208762886597938 0.1152073732718894 0.053195876288659794 0.11059907834101382
0 0.3711340206185567 0.10714285714285714 0.04322164948453608 0.08986175115207373
0 0.0 0.0 0.0 0.0
0 0.0 0.0 0.0 0.0
0 0.0 0.0 0.0 0.0
0 0.0 0.0 0.0 0.0
0 0.3711340206185567 0.19930875576036866 0.06981958762886598 0.14516129032258066
0 0.27963917525773196 0.20161290322580644 0.06981958762886598 0.14516129032258066
0 0.24355670103092783 0.22119815668202764 0.07092783505154639 0.14746543778801843
0 0.23195876288659795 0.12788018433179724 0.05873711340206185 0.12211981566820276
0 0.39690721649484534 0.056451612903225805 0.03435567010309278 0.07142857142857142
