0 0.31056701030927836 0.7067776252573782 0.16566412590480364 0.34443082655162266
0 0.2654639175257732 0.14400921658986174 0.06538659793814433 0.1359447004608295
0 0.3582474226804124 0.14400921658986174 0.06760309278350515 0.14055299539170507
0 0.4285523438399184 0.39704137660554956 0.11595805001096732 0.24108736150603
0 0.336340206185567 0.3859447004608295 0.11636597938144329 0.24193548387096775
0 0.2190721649484536 0.38018433179723504 0.1352061855670103 0.28110599078341014
0 0.4329896907216495 0.46774193548387094 0.13742268041237113 0.2857142857142857
0 0.5657216494845361 0.4631336405529954 0.13298969072164948 0.2764976958525346
0 0.22036082474226804 0.6290690263751348 0.15075701908313222 0.31343759192077647
0 0.0 0.0 0.0 0.0
0 0.0 0.0 0.0 0.0
0 0.0 0.0 0.0 0.0
0 0.0 0.0 0.0 0.0
0 0.0 0.0 0.0 0.0
0 0.30670103092783507 0.059753407196784014 0.04447844922132045 0.09247475242670847
