0 0.0 0.0 0.0 0.0
0 0.5457433121228562 0.7355990783410138 0.1534922680412371 0.3191244239631336
0 0.0 0.0 0.0 0.0
0 0.0 0.0 0.0 0.0
0 0.0 0.0 0.0 0.0
0 0.3131443298969072 0.11059907834101382 0.05097938144329897 0.10599078341013825
0 0.3672680412371134 0.11204774977939012 0.047939953937266924 0.09967153642513968
0 0.0 0.0 0.0 0.0
0 0.0 0.0 0.0 0.0
0 0.0 0.0 0.0 0.0
0 0.0 0.0 0.0 0.0
0 0.3518041237113402 0.1923963133640553 0.0720360824742268 0.1497695852534562
0 0.2667525773195876 0.19470046082949308 0.06760309278350515 0.14055299539170507
0 0.2036082474226804 0.22004608294930875 0.06981958762886598 0.14516129032258066
0 0.22938144329896906 0.1336405529953917 0.05984536082474226 0.12442396313364056
0 0.3961765648892615 0.05802284537699777 0.03586713094976971 0.07457103637611537
