0 0.5 0.37812500000000004 0.06091666666666666 0.10625000000000001
0 0.5625 0.3870595079787235 0.06142176418439707 0.10713098404255304
0 0.6125 0.3765625 0.043000000000000003 0.07500000000000001
0 0.6500431951089847 0.37890625 0.04927083333333333 0.0859375
0 0.6833333333333333 0.38203125000000004 0.0456875 0.07968750000000001
0 0.8355030568846358 0.38203125000000004 0.0725625 0.1265625
0 0.9302083333333333 0.40156250000000004 0.17916666666666667 0.3125
0 1.10625 0.41875 0.1594583333333333 0.278125
0 1.1561204146730462 0.38828125 0.0725625 0.1265625
0 1.2705791467304626 0.3717918882978725 0.03659574468085105 0.06382978723404253
0 1.2918444311536414 0.3717918882978725 0.03659574468085105 0.06382978723404253
0 1.2344281632110579 0.36860039893617036 0.023787234042553212 0.04148936170212769
0 1.2195424641148325 0.3717918882978725 0.02378723404255316 0.04148936170212761
0 1.256756711855396 0.3701961436170214 0.03110638297872342 0.0542553191489362
