0 0.12708333333333333 0.39765625000000004 0.0725625 0.1265625
0 0.44899836356990963 0.39609375 0.07077083333333332 0.1234375
0 0.4822916666666667 0.39687500000000003 0.07704166666666666 0.134375
0 0.5230462519936204 0.4012383643617021 0.06121210106382979 0.1067652925531915
0 0.5549671384901648 0.40156250000000004 0.06808333333333333 0.11875000000000001
0 0.6104166666666666 0.40625 0.0645 0.1125
0 0.9261712519936204 0.4078125 0.06270833333333332 0.109375
0 1.1520833333333333 0.42031250000000003 0.048374999999999994 0.084375
0 0.7260416666666667 0.4015043218085106 0.035900044326241165 0.06261635638297879
0 0.8240879186602871 0.40462932180851063 0.03948337765957453 0.06886635638297882
0 1.1929608585858584 0.4053025265957446 0.03659574468085115 0.06382978723404271
0 1.2195424641148325 0.41088763297872344 0.03751063829787239 0.06542553191489371
0 0.15308845029239765 0.38695146276595743 0.04482978723404257 0.07819148936170217
