0 0.0 0.0 0.0 0.0
0 0.0 0.0 0.0 0.0
0 0.0 0.0 0.0 0.0
0 0.0 0.0 0.0 0.0
0 0.0 0.0 0.0 0.0
0 0.0 0.0 0.0 0.0
0 0.23473338923691608 0.08830767722325712 0.0454381443298969 0.0944700460829493
0 0.33118556701030927 0.0944700460829493 0.04654639175257731 0.0967741935483871
0 0.0 0.0 0.0 0.0
0 0.0 0.0 0.0 0.0
0 0.0 0.0 0.0 0.0
0 0.0 0.0 0.0 0.0
0 0.0 0.0 0.0 0.0
0 0.0 0.0 0.0 0.0
0 0.0 0.0 0.0 0.0
0 0.2461340206185567 0.17857142857142858 0.06760309278350515 0.14055299539170507
0 0.40047518045347674 0.05529953917050691 0.03324742268041237 0.06912442396313365
0 0.0 0.0 0.0 0.0
0 0.0 0.0 0.0 0.0
0 0.4213917525773196 0.434331797235023 0.14961340206185567 0.31105990783410137
