0 0.0 0.0 0.0 0.0
0 0.3711340206185567 0.38018433179723504 0.13077319587628866 0.271889400921659
0 0.586340206185567 0.3882488479262673 0.13631443298969073 0.2834101382488479
0 0.0 0.0 0.0 0.0
0 0.0 0.0 0.0 0.0
0 0.0 0.0 0.0 0.0
0 0.3002577319587629 0.16474654377880185 0.06095360824742268 0.12672811059907835
0 0.37628865979381443 0.16474654377880185 0.0631701030927835 0.1313364055299539
0 0.0 0.0 0.0 0.0
0 0.0 0.0 0.0 0.0
0 0.0 0.0 0.0 0.0
0 0.297680412371134 0.326036866359447 0.10306701030927835 0.21428571428571427
0 0.5695876288659794 0.33064516129032256 0.1075 0.22350230414746544
0 0.4806701030927835 0.33410138248847926 0.09752577319587628 0.20276497695852536
0 0.6597938144329897 0.3317972350230415 0.09752577319587628 0.20276497695852536
0 0.2345360824742268 0.0771889400921659 0.03878865979381443 0.08064516129032258
0 0.18041237113402062 0.07258064516129033 0.047654639175257724 0.09907834101382489
