0 1.249247989766082 0.41794381648936174 0.20324933510638304 0.3545046542553193
0 0.9292098617756513 0.39453125 0.058229166666666665 0.1015625
0 0.696875 0.3921875 0.06987499999999999 0.12187500000000001
0 0.10833333333333334 0.37031250000000004 0.050166666666666665 0.08750000000000001
0 0.03958333333333333 0.36953125000000003 0.0456875 0.07968750000000001
0 0.6647129186602873 0.38593750000000004 0.05375 0.09375
0 0.7625863902179691 0.39055851063829794 0.04120833333333333 0.07187500000000001
0 1.153125 0.4078125 0.043000000000000003 0.07500000000000001
0 0.8219181951089846 0.3875 0.03045833333333333 0.053125000000000006
0 0.8979166666666667 0.39296875000000003 0.03135416666666666 0.0546875
0 1.0462303960659223 0.39413231382978725 0.02927659574468084 0.05106382978723403
0 0.727251129718235 0.3853557180851064 0.043000000000000003 0.07500000000000001
0 0.2828066852737905 0.37179188829787235 0.03659574468085105 0.06382978723404253
0 0.17754352737905368 0.36540890957446814 0.03110638297872342 0.0542553191489362
0 0.20593600478468896 0.36700465425531914 0.03110638297872342 0.0542553191489362
0 0.23070673843700154 0.36620678191489364 0.030191489361702156 0.05265957446808516
