0 0.2947916666666667 0.40468750000000003 0.1075 0.1875
0 0.3697916666666667 0.42812500000000003 0.06270833333333332 0.109375
0 0.44196903242955876 0.39687500000000003 0.09495833333333333 0.16562500000000002
0 0.6458333333333334 0.403125 0.10570833333333333 0.184375
0 1.01875 0.434375 0.3207083333333333 0.5593750000000001
0 1.088522577751196 0.4124833776595745 0.18755319148936167 0.3271276595744681
0 1.2020833333333334 0.3984375 0.19170833333333331 0.33437500000000003
0 0.8260416666666667 0.38984375000000004 0.0456875 0.07968750000000001
0 0.5520833333333334 0.38203125000000004 0.03852083333333333 0.0671875
0 0.6 0.38906250000000003 0.028666666666666667 0.05
