0 0.0 0.0 0.0 0.0
0 0.49871134020618557 0.6793827826257477 0.17920832419390217 0.372590450044122
0 0.8028350515463918 0.706924698499853 0.17467158368063174 0.36315815276007457
0 0.0 0.0 0.0 0.0
0 0.0 0.0 0.0 0.0
0 0.0 0.0 0.0 0.0
0 0.3208762886597938 0.11635944700460829 0.05208762886597938 0.10829493087557604
0 0.3685567010309278 0.12366163349347976 0.056895536301820586 0.11829100892244339
0 0.0 0.0 0.0 0.0
0 0.0 0.0 0.0 0.0
0 0.0 0.0 0.0 0.0
0 0.0 0.0 0.0 0.0
0 0.37420666239168676 0.2069712716933032 0.07314432989690721 0.15207373271889402
0 0.2782241158190697 0.2108294930875576 0.0720360824742268 0.1497695852534562
0 0.2822164948453608 0.22119815668202764 0.06871134020618556 0.14285714285714285
0 0.22809278350515463 0.12788018433179724 0.05873711340206185 0.12211981566820276
0 0.4005378664562061 0.06087606628100794 0.03861181180083351 0.08027747818413569
