0 0.0 0.0 0.0 0.0
0 0.4845360824742268 0.64472742425728 0.19241769028295672 0.40005392685557395
0 0.7654639175257731 0.6610035297578194 0.185909684141259 0.38652318854789675
0 0.0 0.0 0.0 0.0
0 0.0 0.0 0.0 0.0
0 0.0 0.0 0.0 0.0
0 0.3210735954224831 0.12196048632218842 0.05304260802807631 0.11028041964898515
0 0.3646907216494845 0.12211981566820276 0.053195876288659794 0.11059907834101382
0 0.0 0.0 0.0 0.0
0 0.0 0.0 0.0 0.0
0 0.0 0.0 0.0 0.0
0 0.18298969072164947 0.2154377880184332 0.07868556701030928 0.16359447004608296
0 0.3956185567010309 0.2073732718894009 0.07536082474226803 0.15668202764976957
0 0.3170103092783505 0.21774193548387097 0.06981958762886598 0.14516129032258066
0 0.37371134020618557 0.23271889400921658 0.07314432989690721 0.15207373271889402
0 0.21391752577319587 0.1175115207373272 0.053195876288659794 0.11059907834101382
0 0.3904639175257732 0.06087606628100794 0.03861181180083351 0.08027747818413569
