0 0.0 0.0 0.0 0.0
0 0.40335051546391754 0.41705069124423966 0.13963917525773195 0.2903225806451613
0 0.6172680412371134 0.4251152073732719 0.14074742268041238 0.2926267281105991
0 0.0 0.0 0.0 0.0
0 0.0 0.0 0.0 0.0
0 0.0 0.0 0.0 0.0
0 0.3178766092832832 0.1532258064516129 0.06095360824742268 0.12672811059907835
0 0.375 0.1543778801843318 0.06206185567010309 0.12903225806451613
0 0.0 0.0 0.0 0.0
0 0.0 0.0 0.0 0.0
0 0.0 0.0 0.0 0.0
0 0.29381443298969073 0.29723502304147464 0.09752577319587628 0.20276497695852536
0 0.5064432989690721 0.30184331797235026 0.09974226804123712 0.2073732718894009
0 0.422680412371134 0.3046646730071576 0.09137382101338015 0.18997450730463777
0 0.5850515463917526 0.30391459947053634 0.08843578635665718 0.18386606530051972
0 0.23324742268041238 0.08179723502304148 0.041005154639175256 0.08525345622119816
0 0.18794702313421796 0.07142857142857142 0.04876288659793814 0.10138248847926268
