0 0.0 0.0 0.0 0.0
0 0.0 0.0 0.0 0.0
0 0.0 0.0 0.0 0.0
0 0.0 0.0 0.0 0.0
0 0.0 0.0 0.0 0.0
0 0.0 0.0 0.0 0.0
0 0.20975353096894062 0.07949308755760369 0.04322164948453608 0.08986175115207373
0 0.35051546391752575 0.08525345622119816 0.04654639175257731 0.0967741935483871
0 0.0 0.0 0.0 0.0
0 0.0 0.0 0.0 0.0
0 0.0 0.0 0.0 0.0
0 0.0 0.0 0.0 0.0
0 0.0 0.0 0.0 0.0
0 0.0 0.0 0.0 0.0
0 0.0 0.0 0.0 0.0
0 0.17504706588401647 0.2108294930875576 0.07425257731958762 0.1543778801843318
0 0.40097050263897793 0.05529953917050691 0.03324742268041237 0.06912442396313365
0 0.0 0.0 0.0 0.0
0 0.25128865979381443 0.3099078341013825 0.09420103092783504 0.195852534562212
0 0.6419498840822769 0.5697249730365722 0.17307759377056367 0.3598441023629767
