0 0.0 0.0 0.0 0.0
0 0.2706185567010309 0.16705069124423963 0.0720360824742268 0.1497695852534562
0 0.3943298969072165 0.1693548387096774 0.07425257731958762 0.1543778801843318
0 0.42967555369210275 0.5342803216001569 0.15045048256196533 0.31280027453671927
0 0.26417525773195877 0.5308241004020002 0.15377522483000658 0.31971271693303266
0 0.17396907216494845 0.3225806451612903 0.11304123711340205 0.2350230414746544
0 0.48582474226804123 0.3663594470046083 0.11304123711340205 0.2350230414746544
0 0.586340206185567 0.37327188940092165 0.11304123711340205 0.2350230414746544
0 0.0 0.0 0.0 0.0
0 0.0 0.0 0.0 0.0
0 0.5592238856278465 0.48847926267281105 0.15737113402061856 0.3271889400921659
0 0.0 0.0 0.0 0.0
0 0.0 0.0 0.0 0.0
0 0.0 0.0 0.0 0.0
0 0.0 0.0 0.0 0.0
0 0.0 0.0 0.0 0.0
0 0.327319587628866 0.06682027649769585 0.04432989690721649 0.09216589861751152
