0 0.0 0.0 0.0 0.0
0 0.0 0.0 0.0 0.0
0 0.0 0.0 0.0 0.0
0 0.0 0.0 0.0 0.0
0 0.0 0.0 0.0 0.0
0 0.0 0.0 0.0 0.0
0 0.2551546391752577 0.0944700460829493 0.04654639175257731 0.0967741935483871
0 0.3376288659793814 0.097926267281106 0.047654639175257724 0.09907834101382489
0 0.0 0.0 0.0 0.0
0 0.0 0.0 0.0 0.0
0 0.0 0.0 0.0 0.0
0 0.0 0.0 0.0 0.0
0 0.22036082474226804 0.19815668202764977 0.07757731958762885 0.16129032258064516
0 0.0 0.0 0.0 0.0
0 0.0 0.0 0.0 0.0
0 0.22551546391752578 0.16013824884792627 0.05873711340206185 0.12211981566820276
0 0.4005378664562061 0.056120698107657574 0.03403734371572709 0.07076674183743498
0 0.0 0.0 0.0 0.0
0 0.0 0.0 0.0 0.0
0 0.336340206185567 0.3824884792626728 0.13077319587628866 0.271889400921659
