0 0.0 0.0 0.0 0.0
0 0.0 0.0 0.0 0.0
0 0.0 0.0 0.0 0.0
0 0.0 0.0 0.0 0.0
0 0.0 0.0 0.0 0.0
0 0.0 0.0 0.0 0.0
0 0.2706185567010309 0.10253456221198157 0.05208762886597938 0.10829493087557604
0 0.3492268041237113 0.10253456221198157 0.04987113402061856 0.10368663594470046
0 0.0 0.0 0.0 0.0
0 0.0 0.0 0.0 0.0
0 0.0 0.0 0.0 0.0
0 0.0 0.0 0.0 0.0
0 0.2809278350515464 0.1912442396313364 0.07536082474226803 0.15668202764976957
0 0.0 0.0 0.0 0.0
0 0.0 0.0 0.0 0.0
0 0.2306701030927835 0.15207373271889402 0.05762886597938144 0.11981566820276497
0 0.3991865206596623 0.058353760172566 0.03435567010309278 0.07142857142857142
0 0.0 0.0 0.0 0.0
0 0.0 0.0 0.0 0.0
0 0.3118556701030928 0.3444700460829493 0.12079896907216493 0.2511520737327189
