0 0.0 0.0 0.0 0.0
0 0.0 0.0 0.0 0.0
0 0.0 0.0 0.0 0.0
0 0.0 0.0 0.0 0.0
0 0.0 0.0 0.0 0.0
0 0.0 0.0 0.0 0.0
0 0.0 0.0 0.0 0.0
0 0.3698453608247423 0.07834101382488479 0.04211340206185567 0.08755760368663594
0 0.0 0.0 0.0 0.0
0 0.0 0.0 0.0 0.0
0 0.0 0.0 0.0 0.0
0 0.0 0.0 0.0 0.0
0 0.0 0.0 0.0 0.0
0 0.0 0.0 0.0 0.0
0 0.0 0.0 0.0 0.0
0 0.0 0.0 0.0 0.0
0 0.3991865206596623 0.05529953917050691 0.03324742268041237 0.06912442396313365
0 0.0 0.0 0.0 0.0
0 0.32989690721649484 0.28456221198156684 0.08976804123711339 0.18663594470046083
0 0.8492268041237113 0.6546401608000784 0.1975203443737661 0.4106628100794194
