0 0.0 0.0 0.0 0.0
0 0.2847938144329897 0.18950142170801063 0.07590080061416979 0.1578046867339936
0 0.4471649484536082 0.19930875576036866 0.0809020618556701 0.16820276497695852
0 0.0 0.0 0.0 0.0
0 0.384020618556701 0.2960829493087558 0.09641752577319587 0.20046082949308755
0 0.49742268041237114 0.29838709677419356 0.09641752577319587 0.20046082949308755
0 0.0 0.0 0.0 0.0
0 0.0 0.0 0.0 0.0
0 0.29510309278350516 0.33986175115207373 0.11414948453608247 0.23732718894009217
0 0.0 0.0 0.0 0.0
0 0.0 0.0 0.0 0.0
0 0.0 0.0 0.0 0.0
0 0.0 0.0 0.0 0.0
0 0.0 0.0 0.0 0.0
0 0.2654639175257732 0.07027649769585254 0.047654639175257724 0.09907834101382489
