0 1.1927083333333333 0.390625 0.11466666666666667 0.2
0 1.1072916666666666 0.39140625 0.11914583333333333 0.2078125
0 0.7385416666666667 0.38515625000000003 0.10122916666666666 0.1765625
0 0.5822916666666667 0.3828125 0.12362499999999998 0.215625
0 0.45625 0.38203125000000004 0.1048125 0.18281250000000002
0 0.3260416666666667 0.36953125000000003 0.058229166666666665 0.1015625
0 0.2708333333333333 0.37343750000000003 0.07704166666666666 0.134375
0 0.16875 0.3671875 0.09316666666666666 0.1625
0 0.9083333333333333 0.38515625000000003 0.08510416666666668 0.1484375
0 0.6375 0.37109375 0.043895833333333335 0.0765625
0 0.674087918660287 0.37099401595744697 0.04482978723404257 0.07819148936170217
0 0.4125249202551834 0.36860039893617036 0.04025531914893615 0.07021276595744678
