0 0.0 0.0 0.0 0.0
0 0.3904639175257732 0.4055299539170507 0.13742268041237113 0.2857142857142857
0 0.6030927835051546 0.41589861751152074 0.1429639175257732 0.29723502304147464
0 0.0 0.0 0.0 0.0
0 0.0 0.0 0.0 0.0
0 0.0 0.0 0.0 0.0
0 0.30927835051546393 0.1543778801843318 0.05762886597938144 0.11981566820276497
0 0.37628865979381443 0.15898617511520738 0.06206185567010309 0.12903225806451613
0 0.0 0.0 0.0 0.0
0 0.0 0.0 0.0 0.0
0 0.0 0.0 0.0 0.0
0 0.30412371134020616 0.3087557603686636 0.09752577319587628 0.20276497695852536
0 0.5141752577319587 0.3099078341013825 0.10306701030927835 0.21428571428571427
0 0.43427835051546393 0.3087557603686636 0.08865979381443298 0.18433179723502305
0 0.6134020618556701 0.3064516129032258 0.08422680412371134 0.17511520737327188
0 0.23324742268041238 0.08179723502304148 0.041005154639175256 0.08525345622119816
0 0.18327229155362632 0.07373271889400922 0.05097938144329897 0.10599078341013825
