0 0.47604166666666664 0.375 0.05733333333333333 0.1
0 0.5572916666666666 0.3765625 0.051958333333333336 0.09062500000000001
0 0.6104166666666666 0.38046875 0.04747916666666666 0.08281250000000001
0 0.6364583333333333 0.39687500000000003 0.03583333333333333 0.0625
0 0.6697916666666667 0.38125000000000003 0.05733333333333333 0.1
0 0.7125 0.384375 0.0645 0.1125
0 0.76875 0.40703125 0.04747916666666666 0.08281250000000001
0 0.9677083333333333 0.38828125 0.0725625 0.1265625
0 1.0697916666666667 0.38984375000000004 0.07077083333333332 0.1234375
0 0.9930671850079745 0.38615359042553205 0.0731914893617021 0.12765957446808507
0 0.7559592636895268 0.38615359042553205 0.047574468085106424 0.08297872340425538
