0 1.1510416666666667 0.40703125 0.39327083333333335 0.6859375000000001
0 1.3020833333333333 0.43281250000000004 0.21858333333333332 0.38125000000000003
0 0.9093749999999999 0.3918467420212766 0.055932402482269494 0.0975565159574468
0 0.75 0.39375000000000004 0.07345833333333333 0.12812500000000002
0 0.14583333333333334 0.37421875000000004 0.0510625 0.0890625
0 0.03658791866028707 0.37343750000000003 0.048374999999999994 0.084375
0 0.6645833333333333 0.38515625000000003 0.0510625 0.0890625
0 0.654478120015949 0.384375 0.048374999999999994 0.084375
0 0.6980030568846358 0.3921875 0.043000000000000003 0.07500000000000001
0 0.816753056884636 0.38984375000000004 0.03135416666666666 0.0546875
