0 0.23541666666666666 0.38984375000000004 0.1316875 0.22968750000000002
0 0.4125 0.37109375 0.1101875 0.1921875
0 0.4583333333333333 0.36640625000000004 0.08510416666666668 0.1484375
0 0.6260416666666666 0.37343750000000003 0.051958333333333336 0.09062500000000001
0 0.6770833333333334 0.40390625 0.04747916666666666 0.08281250000000001
0 0.69375 0.371875 0.05375 0.09375
0 0.7479166666666667 0.38046875 0.07435416666666667 0.1296875
0 0.8635416666666667 0.38671875 0.09227083333333333 0.1609375
0 0.9041666666666667 0.3765625 0.06629166666666667 0.115625
0 0.9395833333333333 0.4140625 0.0645 0.1125
0 1.1072916666666666 0.38593750000000004 0.06270833333333332 0.109375
0 1.1729166666666666 0.38441655585106393 0.09132734929078007 0.15929188829787222
0 0.7822916666666666 0.38125000000000003 0.04658333333333333 0.08125
