0 0.0 0.0 0.0 0.0
0 0.0 0.0 0.0 0.0
0 0.0 0.0 0.0 0.0
0 0.0 0.0 0.0 0.0
0 0.0 0.0 0.0 0.0
0 0.0 0.0 0.0 0.0
0 0.27763014025222377 0.10253456221198157 0.05208762886597938 0.10829493087557604
0 0.3492268041237113 0.10253456221198157 0.04987113402061856 0.10368663594470046
0 0.0 0.0 0.0 0.0
0 0.0 0.0 0.0 0.0
0 0.0 0.0 0.0 0.0
0 0.0 0.0 0.0 0.0
0 0.28737113402061853 0.1889400921658986 0.07314432989690721 0.15207373271889402
0 0.0 0.0 0.0 0.0
0 0.2268041237113402 0.15207373271889402 0.05762886597938144 0.11981566820276497
0 0.3956185567010309 0.056451612903225805 0.03435567010309278 0.07142857142857142
0 0.0 0.0 0.0 0.0
0 0.0 0.0 0.0 0.0
0 0.3002577319587629 0.3433179723502304 0.11969072164948452 0.2488479262672811
