0 0.45 0.40156250000000004 0.07525 0.13125
0 0.471875 0.39687500000000003 0.06629166666666667 0.115625
0 0.5177083333333333 0.41328125000000004 0.08510416666666668 0.1484375
0 0.5572916666666666 0.40156250000000004 0.05375 0.09375
0 0.628125 0.40546875000000004 0.04927083333333333 0.0859375
0 0.6708333333333333 0.40937500000000004 0.08958333333333333 0.15625
0 0.7208333333333333 0.40625 0.06629166666666667 0.115625
0 0.7739583333333333 0.41015625 0.08152083333333333 0.1421875
0 0.8135416666666666 0.4061253324468086 0.04851795212765947 0.08462433510638281
0 0.84375 0.43125 0.05733333333333333 0.1
0 1.2614583333333333 0.40468750000000003 0.102125 0.178125
0 1.3052083333333333 0.41328125000000004 0.1048125 0.18281250000000002
