0 0.0 0.0 0.0 0.0
0 0.2744845360824742 0.15552995391705068 0.06981958762886598 0.14516129032258066
0 0.3788659793814433 0.15898617511520738 0.07092783505154639 0.14746543778801843
0 0.4149484536082474 0.44815668202764974 0.11636597938144329 0.24193548387096775
0 0.2757731958762887 0.44930875576036866 0.126340206185567 0.2626728110599078
0 0.2667525773195876 0.35287528189038136 0.12001847992980916 0.24952936562408073
0 0.5 0.41013824884792627 0.12190721649484536 0.2534562211981567
0 0.6071077705980038 0.40810618688106676 0.11995245667909629 0.24939209726443767
0 0.5747422680412371 0.6871531522698303 0.15343567668348318 0.3190067653691538
0 0.30927835051546393 0.7367511520737328 0.1523840206185567 0.31682027649769584
0 0.6378865979381443 0.5842460045102461 0.1719174709366089 0.3574321011863908
0 0.0 0.0 0.0 0.0
0 0.0 0.0 0.0 0.0
0 0.0 0.0 0.0 0.0
0 0.0 0.0 0.0 0.0
0 0.0 0.0 0.0 0.0
0 0.3427835051546392 0.06566820276497695 0.04322164948453608 0.08986175115207373
