0 0.0 0.0 0.0 0.0
0 0.0 0.0 0.0 0.0
0 0.0 0.0 0.0 0.0
0 0.0 0.0 0.0 0.0
0 0.0 0.0 0.0 0.0
0 0.0 0.0 0.0 0.0
0 0.0 0.0 0.0 0.0
0 0.5850515463917526 0.3099078341013825 0.0631701030927835 0.1313364055299539
0 0.5402464690310594 0.3433179723502304 0.07536082474226803 0.15668202764976957
0 0.4059278350515464 0.3064516129032258 0.05762886597938144 0.11981566820276497
0 0.3556701030927835 0.3778801843317972 0.06427835051546392 0.1336405529953917
0 0.3438450566434831 0.35368663594470046 0.06538659793814433 0.1359447004608295
0 0.37338352324109236 0.3287013432689479 0.05617399649045844 0.11679086184920093
