0 0.18659910785486442 0.39765625000000004 0.2445625 0.4265625
0 0.26458333333333334 0.3796875 0.10929166666666666 0.19062500000000002
0 0.33229166666666665 0.36328125 0.0671875 0.1171875
0 0.4 0.36953125000000003 0.04927083333333333 0.0859375
0 0.45221291866028707 0.37041223404255313 0.04479166666666667 0.078125
0 0.484375 0.37031250000000004 0.03941666666666666 0.06875
0 0.5260416666666666 0.37031250000000004 0.04120833333333333 0.07187500000000001
0 0.5875 0.37421875000000004 0.0564375 0.09843750000000001
0 0.640625 0.37109375 0.04747916666666666 0.08281250000000001
0 0.6729166666666666 0.375 0.06091666666666666 0.10625000000000001
0 0.7876727804359384 0.38828125 0.07793749999999999 0.13593750000000002
0 1.23125 0.40703125 0.21947916666666664 0.3828125
