0 0.0 0.0 0.0 0.0
0 0.0 0.0 0.0 0.0
0 0.0 0.0 0.0 0.0
0 0.0 0.0 0.0 0.0
0 0.0 0.0 0.0 0.0
0 0.0 0.0 0.0 0.0
0 0.2229381443298969 0.08294930875576037 0.04432989690721649 0.09216589861751152
0 0.3427835051546392 0.08755760368663594 0.04432989690721649 0.09216589861751152
0 0.0 0.0 0.0 0.0
0 0.0 0.0 0.0 0.0
0 0.0 0.0 0.0 0.0
0 0.0 0.0 0.0 0.0
0 0.0 0.0 0.0 0.0
0 0.0 0.0 0.0 0.0
0 0.0 0.0 0.0 0.0
0 0.2345360824742268 0.20046082949308755 0.07092783505154639 0.14746543778801843
0 0.40176384024729117 0.05529953917050691 0.03324742268041237 0.06912442396313365
0 0.0 0.0 0.0 0.0
0 0.17246974629638762 0.32373271889400923 0.10085051546391753 0.20967741935483872
0 0.5708762886597938 0.5343734679870575 0.17048853915332313 0.3544612216884009
