0 0.0 0.0 0.0 0.0
0 0.3337628865979381 0.2849323463084616 0.1012065694231191 0.21041768800862828
0 0.529639175257732 0.27880184331797236 0.09530927835051545 0.19815668202764977
0 0.0 0.0 0.0 0.0
0 0.0 0.0 0.0 0.0
0 0.0 0.0 0.0 0.0
0 0.3192896134431674 0.19865427983135608 0.07013791401623166 0.1458231199137171
0 0.39819587628865977 0.20161290322580644 0.0720360824742268 0.1497695852534562
0 0.0 0.0 0.0 0.0
0 0.0 0.0 0.0 0.0
0 0.0 0.0 0.0 0.0
0 0.3376288659793814 0.4619815668202765 0.1340979381443299 0.27880184331797236
0 0.5528350515463918 0.4642857142857143 0.14074742268041238 0.2926267281105991
0 0.4252577319587629 0.46774193548387094 0.13077319587628866 0.271889400921659
0 0.6533505154639175 0.47465437788018433 0.12855670103092784 0.2672811059907834
0 0.24871134020618557 0.0576036866359447 0.037680412371134016 0.07834101382488479
