0 0.0 0.0 0.0 0.0
0 0.3002577319587629 0.22004608294930875 0.08755154639175257 0.18202764976958524
0 0.49742268041237114 0.22465437788018433 0.08976804123711339 0.18663594470046083
0 0.0 0.0 0.0 0.0
0 0.0 0.0 0.0 0.0
0 0.0 0.0 0.0 0.0
0 0.37242268041237114 0.25460829493087556 0.08755154639175257 0.18202764976958524
0 0.4458762886597938 0.2569124423963134 0.08755154639175257 0.18202764976958524
0 0.0 0.0 0.0 0.0
0 0.0 0.0 0.0 0.0
0 0.2384020618556701 0.27419354838709675 0.09974226804123712 0.2073732718894009
0 0.39819587628865977 0.6851431512893421 0.1736670870805001 0.36106971271693306
0 0.6991780940166722 0.7084787724286694 0.16951705417854787 0.3524414158250808
0 0.5115979381443299 0.7202005098539073 0.15641143891204218 0.3251936464359252
0 0.797680412371134 0.722926267281106 0.16568298969072165 0.3444700460829493
0 0.0 0.0 0.0 0.0
