0 0.0 0.0 0.0 0.0
0 0.2899484536082474 0.20622119815668202 0.08311855670103092 0.1728110599078341
0 0.4845360824742268 0.20967741935483872 0.08422680412371134 0.17511520737327188
0 0.0 0.0 0.0 0.0
0 0.0 0.0 0.0 0.0
0 0.0 0.0 0.0 0.0
0 0.38170945757082486 0.2695852534562212 0.08865979381443298 0.18433179723502305
0 0.4574742268041237 0.28225806451612906 0.08976804123711339 0.18663594470046083
0 0.0 0.0 0.0 0.0
0 0.0 0.0 0.0 0.0
0 0.2538659793814433 0.3052995391705069 0.10528350515463918 0.21889400921658986
0 0.5103092783505154 0.6267281105990783 0.026597938144329897 0.05529953917050691
0 0.8067010309278351 0.6382488479262672 0.015515463917525773 0.03225806451612903
0 0.0 0.0 0.0 0.0
0 0.8775773195876289 0.6486175115207373 0.005541237113402061 0.01152073732718894
0 0.0 0.0 0.0 0.0
0 0.20103092783505155 0.07258064516129033 0.04987113402061856 0.10368663594470046
