0 0.471875 0.37812500000000004 0.0645 0.1125
0 0.5742503987240829 0.37812500000000004 0.05375 0.09375
0 0.6010416666666667 0.3828125 0.059125 0.10312500000000001
0 0.6572916666666666 0.40156250000000004 0.037625 0.065625
0 0.675 0.38593750000000004 0.06270833333333332 0.109375
0 0.6989583333333333 0.3828125 0.059125 0.10312500000000001
0 0.75 0.38671875 0.07435416666666667 0.1296875
0 0.7822916666666666 0.37890625 0.04927083333333333 0.0859375
0 0.80625 0.40546875000000004 0.04927083333333333 0.0859375
0 1.040625 0.38671875 0.08510416666666668 0.1484375
0 1.0677083333333333 0.38359375 0.07793749999999999 0.13593750000000002
0 1.1583333333333332 0.38671875 0.08152083333333333 0.1421875
