0 0.0 0.0 0.0 0.0
0 0.27319587628865977 0.16589861751152074 0.07092783505154639 0.14746543778801843
0 0.38917525773195877 0.16589861751152074 0.07314432989690721 0.15207373271889402
0 0.42912371134020616 0.5069124423963134 0.13742268041237113 0.2857142857142857
0 0.2603092783505155 0.5157539954897539 0.14814438473349414 0.30800568683204227
0 0.1997422680412371 0.3283410138248848 0.11858247422680411 0.2465437788018433
0 0.5025773195876289 0.37672811059907835 0.11636597938144329 0.24193548387096775
0 0.5927269849882437 0.37966712422786547 0.11254370475981573 0.23398862633591525
0 0.0 0.0 0.0 0.0
0 0.5746960242687318 0.5055863319933327 0.1560954704979162 0.32453671928620453
0 0.0 0.0 0.0 0.0
0 0.0 0.0 0.0 0.0
0 0.0 0.0 0.0 0.0
0 0.0 0.0 0.0 0.0
0 0.0 0.0 0.0 0.0
0 0.33118556701030927 0.06566820276497695 0.04322164948453608 0.08986175115207373
