0 0.8947916666666667 0.40468750000000003 0.06808333333333333 0.11875000000000001
0 0.5177083333333333 0.40390625 0.0725625 0.1265625
0 0.45625 0.39687500000000003 0.08420833333333333 0.146875
0 0.40534454744816584 0.3988115026595745 0.07123781028368793 0.12425199468085105
0 0.3572916666666667 0.39453125 0.09227083333333333 0.1609375
0 0.33541666666666664 0.38906250000000003 0.08241666666666667 0.14375000000000002
0 1.1208333333333333 0.41640625000000003 0.05285416666666667 0.0921875
0 0.057291666666666664 0.384375 0.051958333333333336 0.09062500000000001
0 0.6625 0.39765625000000004 0.0403125 0.0703125
0 0.7552083333333334 0.39765625000000004 0.0403125 0.0703125
0 0.7719181951089845 0.40078125000000003 0.03852083333333333 0.0671875
0 1.1121527777777775 0.4037067819148936 0.04025531914893619 0.07021276595744684
0 1.1472404970760233 0.4053025265957446 0.04025531914893619 0.07021276595744684
