0 0.30412371134020616 0.6991151093244437 0.16937557578416323 0.3521472693401315
0 0.26417525773195877 0.14170506912442396 0.06538659793814433 0.1359447004608295
0 0.3582474226804124 0.14400921658986174 0.06760309278350515 0.14055299539170507
0 0.43526899488646636 0.39738944994607317 0.12294236674709366 0.2556083929797039
0 0.33505154639175255 0.3847926267281106 0.11525773195876288 0.23963133640552994
0 0.23235337641197654 0.383238552799294 0.1340979381443299 0.27880184331797236
0 0.4329896907216495 0.46774193548387094 0.13742268041237113 0.2857142857142857
0 0.5682989690721649 0.4619815668202765 0.12744845360824741 0.26497695852534564
0 0.17783505154639176 0.6271668791057947 0.1489272318490897 0.3096332973820963
0 0.0 0.0 0.0 0.0
0 0.0 0.0 0.0 0.0
0 0.0 0.0 0.0 0.0
0 0.0 0.0 0.0 0.0
0 0.0 0.0 0.0 0.0
0 0.30283505154639173 0.059753407196784014 0.04447844922132045 0.09247475242670847
