0 0.18995187621832363 0.20612608800773696 0.12900000000000006 0.24545454545454556
0 0.22698891325536064 0.18784755802707928 0.11893617021276601 0.2263056092843328
0 0.2601273148148149 0.16608740328820115 0.12351063829787236 0.235009671179884
0 0.0895620126705653 0.1547721228239845 0.11344680851063832 0.21586073500967123
0 0.1217257553606238 0.18001390232108322 0.10887234042553187 0.20715667311411987
0 0.22253479937200107 0.2737235489824829 0.13997872340425535 0.2663442940038686
0 0.032057139376218326 0.18871796421663445 0.10704255319148939 0.2036750483558995
0 0.3517452485380117 0.17827308994197297 0.11802127659574468 0.22456479690522244
0 0.40242750974658875 0.26357289651837523 0.14180851063829789 0.269825918762089
0 1.0768914473684212 0.5508069390715669 0.17657446808510638 0.33597678916827856
0 1.1855659113060428 0.5403620647969053 0.16010638297872332 0.30464216634429386
