0 0.0 0.0 0.0 0.0
0 0.0 0.0 0.0 0.0
0 0.0 0.0 0.0 0.0
0 0.0 0.0 0.0 0.0
0 0.0 0.0 0.0 0.0
0 0.0 0.0 0.0 0.0
0 0.28865979381443296 0.10368663594470046 0.05097938144329897 0.10599078341013825
0 0.3556701030927835 0.10368663594470046 0.04876288659793814 0.10138248847926268
0 0.0 0.0 0.0 0.0
0 0.0 0.0 0.0 0.0
0 0.0 0.0 0.0 0.0
0 0.0 0.0 0.0 0.0
0 0.3054123711340206 0.1889400921658986 0.07314432989690721 0.15207373271889402
0 0.19072164948453607 0.20506912442396313 0.07536082474226803 0.15668202764976957
0 0.0 0.0 0.0 0.0
0 0.2345360824742268 0.14631336405529954 0.05652061855670103 0.1175115207373272
0 0.39835721567273386 0.056451612903225805 0.03435567010309278 0.07142857142857142
0 0.0 0.0 0.0 0.0
0 0.0 0.0 0.0 0.0
0 0.2603092783505155 0.33410138248847926 0.1174742268041237 0.24423963133640553
