0 0.2693298969072165 0.14746543778801843 0.06649484536082474 0.1382488479262673
0 0.36211340206185566 0.1497695852534562 0.06871134020618556 0.14285714285714285
0 0.41451170686791955 0.39976958525345624 0.10971649484536082 0.22811059907834103
0 0.33118556701030927 0.41013824884792627 0.12190721649484536 0.2534562211981567
0 0.23195876288659795 0.38018433179723504 0.1352061855670103 0.28110599078341014
0 0.461340206185567 0.4504608294930876 0.1318814432989691 0.27419354838709675
0 0.6005154639175257 0.44930875576036866 0.1352061855670103 0.28110599078341014
0 0.3853092783505155 0.6526987939994117 0.1646219017328361 0.34226394744582794
0 0.23711340206185566 0.6876482988528287 0.16942745119543756 0.35225512305127954
0 0.5721649484536082 0.6921487400725561 0.18705565913577538 0.38890577507598784
0 0.0 0.0 0.0 0.0
0 0.0 0.0 0.0 0.0
0 0.0 0.0 0.0 0.0
0 0.0 0.0 0.0 0.0
0 0.0 0.0 0.0 0.0
0 0.3291035696081816 0.0609054809295029 0.04558669664400086 0.09477889989214626
