0 0.24757966611312401 0.44071544681737773 0.37090346970611904 0.5972979710995443
0 0.3095376452074023 0.316914610458808 0.06305025962954354 0.13127857862512587
0 0.74334798264448 0.4183201657273215 0.41375916979781696 0.5967525496511004
0 0.3438667405428595 0.309112718456948 0.06553718952561696 0.12339265416311457
0 0.4436340711209823 0.31284458475419136 0.06242942957057623 0.1541991332764989
0 0.8592716738458861 0.31013608324896985 0.05872602232412411 0.11313097759484224
0 0.19452515887778035 0.3195923549755871 0.04186795491143321 0.06658064016120284
0 0.18753546225253395 0.3212682065217392 0.0622629534905748 0.1320367149758453
0 0.25118319925586424 0.35173637653195694 0.14674979699134316 0.39585233710261614
0 0.2645950751476114 0.37356707930756844 0.21041331186258702 0.36272141706924316
0 0.9655020669456649 0.3203442473003693 0.11124769110542729 0.20749236288718384
0 0.8616727225422284 0.3193782070329473 0.10587452569147189 0.22611794852133027
0 0.15098665425540944 0.33435490029151993 0.054935387991440786 0.09853493645718842
0 1.1633129887655425 0.3806345344983737 0.12048813856390363 0.32924882251787424
0 1.20071960547504 0.36962182971014496 0.06570048309178726 0.33574879227053145
0 1.2147619832893581 0.3114765602799091 0.13016710642040435 0.2135622247087241
0 1.3079336755233495 0.3087522644927536 0.052882648953300776 0.19685990338164247
