0 0.0 0.0 0.0 0.0
0 0.43943298969072164 0.46543778801843316 0.15293814432989689 0.31797235023041476
0 0.6868556701030928 0.4815668202764977 0.15958762886597938 0.3317972350230415
0 0.0 0.0 0.0 0.0
0 0.0 0.0 0.0 0.0
0 0.0 0.0 0.0 0.0
0 0.31572164948453607 0.14516129032258066 0.05984536082474226 0.12442396313364056
0 0.3801546391752577 0.14285714285714285 0.05762886597938144 0.11981566820276497
0 0.0 0.0 0.0 0.0
0 0.0 0.0 0.0 0.0
0 0.0 0.0 0.0 0.0
0 0.2654639175257732 0.2661290322580645 0.08976804123711339 0.18663594470046083
0 0.45103092783505155 0.25921658986175117 0.08311855670103092 0.1728110599078341
0 0.37628865979381443 0.2764976958525346 0.08422680412371134 0.17511520737327188
0 0.5154639175257731 0.2730414746543779 0.0809020618556701 0.16820276497695852
0 0.2229381443298969 0.09101382488479262 0.0454381443298969 0.0944700460829493
0 0.25257731958762886 0.07142857142857142 0.04876288659793814 0.10138248847926268
