0 0.0 0.0 0.0 0.0
0 0.5571418882257189 0.7379032258064516 0.1512757731958763 0.31451612903225806
0 0.0 0.0 0.0 0.0
0 0.0 0.0 0.0 0.0
0 0.0 0.0 0.0 0.0
0 0.31800095364935305 0.11059907834101382 0.05097938144329897 0.10599078341013825
0 0.3634020618556701 0.11490097068340034 0.05068463478833078 0.10537797823316014
0 0.0 0.0 0.0 0.0
0 0.0 0.0 0.0 0.0
0 0.0 0.0 0.0 0.0
0 0.0 0.0 0.0 0.0
0 0.34664948453608246 0.1923963133640553 0.0720360824742268 0.1497695852534562
0 0.2667525773195876 0.1935483870967742 0.06871134020618556 0.14285714285714285
0 0.2036082474226804 0.21774193548387097 0.0720360824742268 0.1497695852534562
0 0.2306701030927835 0.13709677419354838 0.05652061855670103 0.1175115207373272
0 0.3970685558789194 0.05802284537699777 0.03586713094976971 0.07457103637611537
