0 0.07351609861939967 0.32774680750923557 0.05028794579425968 0.10814617966751922
0 0.01843016975308639 0.32747207125603855 0.025736882716049368 0.11594202898550741
0 0.7252584393380312 0.3057855886919985 0.0799199129768534 0.14613526570048316
0 1.1118135320956077 0.307211713791797 0.08388794954374675 0.1038117718101733
0 0.2715907466305457 0.3816310099489159 0.24323934047468995 0.36392988116647285
0 0.35870106469406504 0.36950190422068563 0.19330549528498236 0.3390964203468171
0 0.14375179549854397 0.31963013085267433 0.055974995485814576 0.11814628667693149
0 0.21613292720469796 0.3208408816425122 0.05771200388367982 0.11594202898550719
0 1.0011752995946306 0.31507114669916875 0.04744116068327469 0.09547962881559631
0 0.3588158500115022 0.3107135816283035 0.07243817575339312 0.13734553241586497
0 0.4150161955633698 0.3136624396135266 0.05956019258548745 0.1411458333333333
