0 0.0 0.0 0.0 0.0
0 0.0 0.0 0.0 0.0
0 0.0 0.0 0.0 0.0
0 0.0 0.0 0.0 0.0
0 0.0 0.0 0.0 0.0
0 0.0 0.0 0.0 0.0
0 0.2925257731958763 0.10368663594470046 0.05097938144329897 0.10599078341013825
0 0.3556701030927835 0.10483870967741936 0.047654639175257724 0.09907834101382489
0 0.0 0.0 0.0 0.0
0 0.0 0.0 0.0 0.0
0 0.0 0.0 0.0 0.0
0 0.0 0.0 0.0 0.0
0 0.3170103092783505 0.1889400921658986 0.07314432989690721 0.15207373271889402
0 0.21005154639175258 0.2042234532797333 0.07454732397455581 0.15499068536130992
0 0.0 0.0 0.0 0.0
0 0.2345360824742268 0.14524218060594174 0.05992317394165384 0.12458574370036272
0 0.3943298969072165 0.056451612903225805 0.03435567010309278 0.07142857142857142
0 0.0 0.0 0.0 0.0
0 0.0 0.0 0.0 0.0
0 0.20231958762886598 0.3248847926267281 0.1174742268041237 0.24423963133640553
