0 1.0041666666666667 0.40234375 0.06360416666666667 0.11093750000000001
0 0.3989583333333333 0.3988447473404255 0.06761635638297873 0.11793550531914897
0 0.01875 0.38046875 0.0564375 0.09843750000000001
0 0.7385416666666667 0.39921875 0.058229166666666665 0.1015625
0 0.6895833333333333 0.39417386968085105 0.06043062943262414 0.10540226063829793
0 0.65 0.3958028590425532 0.05497938829787236 0.09589428191489367
0 0.6104166666666666 0.39140625 0.06897916666666666 0.1203125
0 0.590625 0.390625 0.06091666666666666 0.10625000000000001
0 0.27291666666666664 0.37812500000000004 0.04120833333333333 0.07187500000000001
0 1.2291666666666667 0.4140625 0.048374999999999994 0.084375
0 0.8270833333333333 0.3999085771276596 0.03772983156028372 0.0658078457446809
0 0.9197916666666667 0.39609375 0.03852083333333333 0.0671875
0 1.3109831871345028 0.40610039893617017 0.03934042553191491 0.06861702127659579
