0 0.0 0.0 0.0 0.0
0 0.27190721649484534 0.17050691244239632 0.07314432989690721 0.15207373271889402
0 0.4020618556701031 0.17050691244239632 0.07536082474226803 0.15668202764976957
0 0.4317575510942304 0.5724850475536817 0.15395443079622723 0.3200853024806353
0 0.28865979381443296 0.565974605353466 0.15655763325290634 0.32549759780370624
0 0.0 0.0 0.0 0.0
0 0.4772614232394482 0.35197813511128545 0.10807298749725817 0.22469359741151096
0 0.5760309278350515 0.35253456221198154 0.10860824742268041 0.22580645161290322
0 0.0 0.0 0.0 0.0
0 0.0 0.0 0.0 0.0
0 0.5015465972804551 0.4539170506912442 0.15072164948453606 0.31336405529953915
0 0.0 0.0 0.0 0.0
0 0.0 0.0 0.0 0.0
0 0.0 0.0 0.0 0.0
0 0.0 0.0 0.0 0.0
0 0.0 0.0 0.0 0.0
0 0.33118556701030927 0.06682027649769585 0.04432989690721649 0.09216589861751152
