0 0.0 0.0 0.0 0.0
0 0.3440721649484536 0.29314393567996866 0.10245629524018428 0.21301598195901564
0 0.5412371134020618 0.28858956760466714 0.09585868611537621 0.19929895087753707
0 0.0 0.0 0.0 0.0
0 0.0 0.0 0.0 0.0
0 0.0 0.0 0.0 0.0
0 0.297680412371134 0.1935483870967742 0.07092783505154639 0.14746543778801843
0 0.39304123711340205 0.195852534562212 0.07314432989690721 0.15207373271889402
0 0.0 0.0 0.0 0.0
0 0.0 0.0 0.0 0.0
0 0.0 0.0 0.0 0.0
0 0.33505154639175255 0.43317972350230416 0.13077319587628866 0.271889400921659
0 0.5618556701030928 0.4447004608294931 0.13298969072164948 0.2764976958525346
0 0.4265463917525773 0.4412442396313364 0.12301546391752577 0.2557603686635945
0 0.6778350515463918 0.44585253456221197 0.11858247422680411 0.2465437788018433
0 0.24742268041237114 0.06221198156682028 0.037680412371134016 0.07834101382488479
