0 0.0 0.0 0.0 0.0
0 0.4845360824742268 0.6056255515246591 0.17696824961614382 0.367933130699088
0 0.7461340206185567 0.613341994313168 0.16222620092125467 0.3372830669673498
0 0.0 0.0 0.0 0.0
0 0.0 0.0 0.0 0.0
0 0.0 0.0 0.0 0.0
0 0.31443298969072164 0.11981566820276497 0.053195876288659794 0.11059907834101382
0 0.36597938144329895 0.12672811059907835 0.055412371134020616 0.1152073732718894
0 0.0 0.0 0.0 0.0
0 0.0 0.0 0.0 0.0
0 0.0 0.0 0.0 0.0
0 0.2036082474226804 0.21889400921658986 0.07757731958762885 0.16129032258064516
0 0.40380781499202556 0.21068487106579079 0.07439169774073259 0.15466712422786544
0 0.3324742268041237 0.22235023041474655 0.07425257731958762 0.1543778801843318
0 0.422680412371134 0.2350230414746544 0.07314432989690721 0.15207373271889402
0 0.21391752577319587 0.1152073732718894 0.05097938144329897 0.10599078341013825
0 0.3801546391752577 0.07419109716638884 0.051420322439131375 0.10690753995489752
