0 0.0 0.0 0.0 0.0
0 0.5012886597938144 0.6650088243945484 0.18754611756964237 0.3899254828904793
0 0.7822164948453608 0.6759804882831649 0.17150246764641366 0.3565692714972055
0 0.0 0.0 0.0 0.0
0 0.0 0.0 0.0 0.0
0 0.0 0.0 0.0 0.0
0 0.3247422680412371 0.11635944700460829 0.04987113402061856 0.10368663594470046
0 0.3685567010309278 0.11815619178350817 0.0493830335599912 0.10267183057162463
0 0.0 0.0 0.0 0.0
0 0.0 0.0 0.0 0.0
0 0.0 0.0 0.0 0.0
0 0.1501679162761637 0.22650504951465836 0.06582282298749721 0.13685165212275704
0 0.37757731958762886 0.20622119815668202 0.07425257731958762 0.1543778801843318
0 0.30283505154639173 0.2119815668202765 0.07092783505154639 0.14746543778801843
0 0.3247422680412371 0.22811059907834103 0.07092783505154639 0.14746543778801843
0 0.22036082474226804 0.1175115207373272 0.053195876288659794 0.11059907834101382
0 0.39796054686857724 0.06087606628100794 0.03861181180083351 0.08027747818413569
