0 0.31958762886597936 0.4965437788018433 0.1429639175257732 0.29723502304147464
0 0.2770618556701031 0.11635944700460829 0.05873711340206185 0.12211981566820276
0 0.3543814432989691 0.12096774193548387 0.0631701030927835 0.1313364055299539
0 0.3556701030927835 0.2857142857142857 0.08644329896907216 0.17972350230414746
0 0.25128865979381443 0.28225806451612906 0.08976804123711339 0.18663594470046083
0 0.5798969072164948 0.48502304147465436 0.16291237113402063 0.3387096774193548
0 0.4639175257731959 0.6585523090499068 0.17911872121079178 0.3724041572703205
0 0.6095360824742267 0.6627586037846848 0.17873201359947358 0.3716001568781253
0 0.0 0.0 0.0 0.0
0 0.0 0.0 0.0 0.0
0 0.0 0.0 0.0 0.0
0 0.0 0.0 0.0 0.0
0 0.0 0.0 0.0 0.0
0 0.0 0.0 0.0 0.0
0 0.0 0.0 0.0 0.0
0 0.0 0.0 0.0 0.0
0 0.24031141584044458 0.048963133640553 0.04599226804123711 0.0956221198156682
