0 0.0 0.0 0.0 0.0
0 0.3672680412371134 0.3421658986175115 0.11858247422680411 0.2465437788018433
0 0.5876288659793815 0.3456221198156682 0.12190721649484536 0.2534562211981567
0 0.0 0.0 0.0 0.0
0 0.0 0.0 0.0 0.0
0 0.0 0.0 0.0 0.0
0 0.2770618556701031 0.17626728110599077 0.06760309278350515 0.14055299539170507
0 0.3801546391752577 0.1774193548387097 0.06649484536082474 0.1382488479262673
0 0.0 0.0 0.0 0.0
0 0.0 0.0 0.0 0.0
0 0.0 0.0 0.0 0.0
0 0.297680412371134 0.3686635944700461 0.11304123711340205 0.2350230414746544
0 0.6688144329896907 0.3721198156682028 0.11858247422680411 0.2465437788018433
0 0.4471649484536082 0.3790322580645161 0.10971649484536082 0.22811059907834103
0 0.75230705042832 0.3745636827139916 0.10098491993858302 0.20995685851554075
0 0.24355670103092783 0.07027649769585254 0.03878865979381443 0.08064516129032258
0 0.1765330324405202 0.07162221786449653 0.04857660671199823 0.10099519560741246
