0 0.0 0.0 0.0 0.0
0 0.30412371134020616 0.23271889400921658 0.09309278350515462 0.1935483870967742
0 0.518041237113402 0.23732718894009217 0.09309278350515462 0.1935483870967742
0 0.0 0.0 0.0 0.0
0 0.0 0.0 0.0 0.0
0 0.0 0.0 0.0 0.0
0 0.3711340206185567 0.23847926267281105 0.08311855670103092 0.1728110599078341
0 0.42912371134020616 0.24078341013824886 0.08311855670103092 0.1728110599078341
0 0.0 0.0 0.0 0.0
0 0.0 0.0 0.0 0.0
0 0.2268041237113402 0.25 0.09420103092783504 0.195852534562212
0 0.37371134020618557 0.6268580252965976 0.17301157051985083 0.3597068340033336
0 0.6507731958762887 0.6606015295617218 0.18995596622066246 0.3949357780174527
0 0.4729381443298969 0.6648617511520738 0.17853865979381445 0.3711981566820277
0 0.7414161281836268 0.6622095303461124 0.17377083790304892 0.3612854201392294
0 0.0 0.0 0.0 0.0
0 0.18041237113402062 0.07949308755760369 0.041005154639175256 0.08525345622119816
