0 0.11746909888357256 0.39655086436170217 0.4034966755319148 0.7037732712765957
0 0.3 0.37031250000000004 0.080625 0.140625
0 0.3572916666666667 0.37031250000000004 0.080625 0.140625
0 0.425 0.37578125 0.07077083333333332 0.1234375
0 0.58125 0.384375 0.12720833333333334 0.22187500000000002
0 0.6760416666666667 0.38906250000000003 0.129 0.225
0 0.47530010632642206 0.37812500000000004 0.043000000000000003 0.07500000000000001
0 0.9675488437001599 0.4029089095744682 0.11070212765957442 0.19308510638297866
0 0.907690390749602 0.398121675531915 0.06495744680851058 0.11329787234042543
0 0.8388938729399256 0.3949301861702128 0.05946808510638295 0.1037234042553191
0 0.4518656964380648 0.3813663563829787 0.04757446808510637 0.0829787234042553
