0 0.2055106990962254 0.421875 0.2544166666666667 0.44375000000000003
0 0.340625 0.371875 0.05733333333333333 0.1
0 0.3854166666666667 0.3765625 0.06270833333333332 0.109375
0 0.4354166666666667 0.371875 0.0645 0.1125
0 0.46979166666666666 0.38828125 0.0295625 0.051562500000000004
0 0.48854166666666665 0.37265625 0.04747916666666666 0.08281250000000001
0 0.5572916666666666 0.37343750000000003 0.05554166666666666 0.096875
0 0.5989583333333334 0.38984375000000004 0.03672916666666667 0.06406250000000001
0 1.25625 0.36953125000000003 0.0510625 0.0890625
0 0.725 0.37265625 0.03852083333333333 0.0671875
