0 0.0 0.0 0.0 0.0
0 0.3698453608247423 0.37672811059907835 0.12744845360824741 0.26497695852534564
0 0.5850515463917526 0.3836405529953917 0.1318814432989691 0.27419354838709675
0 0.0 0.0 0.0 0.0
0 0.0 0.0 0.0 0.0
0 0.0 0.0 0.0 0.0
0 0.3002577319587629 0.16589861751152074 0.06206185567010309 0.12903225806451613
0 0.37628865979381443 0.16474654377880185 0.0631701030927835 0.1313364055299539
0 0.0 0.0 0.0 0.0
0 0.0 0.0 0.0 0.0
0 0.0 0.0 0.0 0.0
0 0.29510309278350516 0.3271889400921659 0.10417525773195876 0.21658986175115208
0 0.5773195876288659 0.33064516129032256 0.1075 0.22350230414746544
0 0.4922680412371134 0.34101382488479265 0.09974226804123712 0.2073732718894009
0 0.6765463917525774 0.33986175115207373 0.09641752577319587 0.20046082949308755
0 0.2345360824742268 0.07603686635944701 0.039896907216494845 0.08294930875576037
