0 0.0 0.0 0.0 0.0
0 0.43427835051546393 0.44815668202764974 0.14961340206185567 0.31105990783410137
0 0.6739690721649484 0.4631336405529954 0.15293814432989689 0.31797235023041476
0 0.0 0.0 0.0 0.0
0 0.0 0.0 0.0 0.0
0 0.0 0.0 0.0 0.0
0 0.31572164948453607 0.14861751152073732 0.06095360824742268 0.12672811059907835
0 0.3788659793814433 0.14861751152073732 0.05873711340206185 0.12211981566820276
0 0.0 0.0 0.0 0.0
0 0.0 0.0 0.0 0.0
0 0.0 0.0 0.0 0.0
0 0.2693298969072165 0.28110599078341014 0.09309278350515462 0.1935483870967742
0 0.45489690721649484 0.27534562211981567 0.09198453608247421 0.1912442396313364
0 0.37757731958762886 0.2834101382488479 0.08865979381443298 0.18433179723502305
0 0.5309278350515464 0.2834101382488479 0.08422680412371134 0.17511520737327188
0 0.2268041237113402 0.08755760368663594 0.04211340206185567 0.08755760368663594
0 0.23324742268041238 0.07258064516129033 0.04987113402061856 0.10368663594470046
