0 0.0 0.0 0.0 0.0
0 0.2654639175257732 0.17511520737327188 0.07536082474226803 0.15668202764976957
0 0.4072164948453608 0.17511520737327188 0.07536082474226803 0.15668202764976957
0 0.44329896907216493 0.5991690361800176 0.16854085325729323 0.3504118050789292
0 0.3054123711340206 0.5932076674183743 0.17610523141039697 0.3661388371408961
0 0.0 0.0 0.0 0.0
0 0.4587628865979381 0.3515761349151878 0.11211926957666155 0.2331061868810668
0 0.5657216494845361 0.35253456221198154 0.10860824742268041 0.22580645161290322
0 0.0 0.0 0.0 0.0
0 0.0 0.0 0.0 0.0
0 0.48290316348509504 0.434331797235023 0.1318814432989691 0.27419354838709675
0 0.0 0.0 0.0 0.0
0 0.0 0.0 0.0 0.0
0 0.0 0.0 0.0 0.0
0 0.0 0.0 0.0 0.0
0 0.0 0.0 0.0 0.0
0 0.33118556701030927 0.06797235023041474 0.0454381443298969 0.0944700460829493
