0 0.0 0.0 0.0 0.0
0 0.36597938144329895 0.3248847926267281 0.11525773195876288 0.23963133640552994
0 0.5889175257731959 0.3294930875576037 0.11969072164948452 0.2488479262672811
0 0.0 0.0 0.0 0.0
0 0.0 0.0 0.0 0.0
0 0.0 0.0 0.0 0.0
0 0.2860824742268041 0.18317972350230416 0.06981958762886598 0.14516129032258066
0 0.3853092783505155 0.18087557603686635 0.06760309278350515 0.14055299539170507
0 0.0 0.0 0.0 0.0
0 0.0 0.0 0.0 0.0
0 0.0 0.0 0.0 0.0
0 0.327319587628866 0.39285714285714285 0.12079896907216493 0.2511520737327189
0 0.6275773195876289 0.39400921658986177 0.12190721649484536 0.2534562211981567
0 0.422680412371134 0.402073732718894 0.11636597938144329 0.24193548387096775
0 0.7439513145563064 0.4043778801843318 0.11193298969072164 0.23271889400921658
0 0.24484536082474226 0.06336405529953917 0.036572164948453605 0.07603686635944701
