0 0.0 0.0 0.0 0.0
0 0.45618556701030927 0.5578022355132856 0.18637656284272866 0.3874938719482302
0 0.7061855670103092 0.5584052358074321 0.18030713972362364 0.3748749877438965
0 0.0 0.0 0.0 0.0
0 0.0 0.0 0.0 0.0
0 0.0 0.0 0.0 0.0
0 0.3155469507884049 0.1336405529953917 0.055412371134020616 0.1152073732718894
0 0.3634020618556701 0.13248847926267282 0.05652061855670103 0.1175115207373272
0 0.0 0.0 0.0 0.0
0 0.0 0.0 0.0 0.0
0 0.0 0.0 0.0 0.0
0 0.26804123711340205 0.23847926267281105 0.08311855670103092 0.1728110599078341
0 0.4368556701030928 0.23847926267281105 0.0809020618556701 0.16820276497695852
0 0.36211340206185566 0.24193548387096775 0.07979381443298969 0.16589861751152074
0 0.49097938144329895 0.2488479262672811 0.07757731958762885 0.16129032258064516
0 0.21649484536082475 0.10253456221198157 0.047654639175257724 0.09907834101382489
0 0.3427835051546392 0.06848465535836847 0.04593096073700372 0.09549465633885673
