0 0.3071963531133363 0.5256667320325522 0.14592788988813332 0.3033973919011667
0 0.2757731958762887 0.12327188940092165 0.06095360824742268 0.12672811059907835
0 0.36211340206185566 0.12557603686635946 0.06095360824742268 0.12672811059907835
0 0.3582474226804124 0.3052995391705069 0.08755154639175257 0.18202764976958524
0 0.2615979381443299 0.30184331797235026 0.09752577319587628 0.20276497695852536
0 0.461340206185567 0.4470046082949309 0.15072164948453606 0.31336405529953915
0 0.4437161906641017 0.6092827728208648 0.17162036630840097 0.3568143935679969
0 0.6172680412371134 0.6104348465535837 0.17051211888572057 0.3545102461025591
0 0.0 0.0 0.0 0.0
0 0.0 0.0 0.0 0.0
0 0.0 0.0 0.0 0.0
0 0.0 0.0 0.0 0.0
0 0.0 0.0 0.0 0.0
0 0.0 0.0 0.0 0.0
0 0.0 0.0 0.0 0.0
0 0.0 0.0 0.0 0.0
0 0.23996510136634933 0.048963133640553 0.04599226804123711 0.0956221198156682
