0 0.0 0.0 0.0 0.0
0 0.45489690721649484 0.4930875576036866 0.15737113402061856 0.3271889400921659
0 0.7061855670103092 0.5144940680458868 0.171313829787234 0.3561770761839395
0 0.0 0.0 0.0 0.0
0 0.0 0.0 0.0 0.0
0 0.0 0.0 0.0 0.0
0 0.3208762886597938 0.13940092165898618 0.05873711340206185 0.12211981566820276
0 0.38144329896907214 0.1382488479262673 0.05762886597938144 0.11981566820276497
0 0.0 0.0 0.0 0.0
0 0.0 0.0 0.0 0.0
0 0.0 0.0 0.0 0.0
0 0.27190721649484534 0.2534562211981567 0.08422680412371134 0.17511520737327188
0 0.43943298969072164 0.2534562211981567 0.08422680412371134 0.17511520737327188
0 0.37242268041237114 0.26036866359447003 0.08201030927835051 0.17050691244239632
0 0.49871134020618557 0.25921658986175117 0.07646907216494844 0.15898617511520738
0 0.21905469507884048 0.0944700460829493 0.04432989690721649 0.09216589861751152
0 0.28865979381443296 0.07027649769585254 0.047654639175257724 0.09907834101382489
