0 0.2757731958762887 0.1532258064516129 0.06760309278350515 0.14055299539170507
0 0.3685567010309278 0.15552995391705068 0.06981958762886598 0.14516129032258066
0 0.4007731958762887 0.4274193548387097 0.11636597938144329 0.24193548387096775
0 0.29381443298969073 0.43202764976958524 0.12744845360824741 0.26497695852534564
0 0.2345360824742268 0.3652073732718894 0.12744845360824741 0.26497695852534564
0 0.5167525773195876 0.4205069124423963 0.1252319587628866 0.26036866359447003
0 0.6030927835051546 0.434331797235023 0.1318814432989691 0.27419354838709675
0 0.5103092783505154 0.672926267281106 0.17078092783505155 0.3550691244239632
0 0.3054123711340206 0.712189920580449 0.15313857205527526 0.3183890577507599
0 0.6649484536082474 0.6228527306598686 0.1713751370914674 0.356304539660751
0 0.0 0.0 0.0 0.0
0 0.0 0.0 0.0 0.0
0 0.0 0.0 0.0 0.0
0 0.0 0.0 0.0 0.0
0 0.0 0.0 0.0 0.0
0 0.3427835051546392 0.0632096283949407 0.04780319148936169 0.09938719482302184
