0 0.0 0.0 0.0 0.0
0 0.4497422680412371 0.514293067947838 0.17333697082693572 0.3603833709187175
0 0.7087628865979382 0.5252108049808805 0.16832391971923663 0.3499607804686733
0 0.0 0.0 0.0 0.0
0 0.0 0.0 0.0 0.0
0 0.0 0.0 0.0 0.0
0 0.31443298969072164 0.13940092165898618 0.05873711340206185 0.12211981566820276
0 0.3711340206185567 0.1347926267281106 0.054304123711340205 0.11290322580645161
0 0.0 0.0 0.0 0.0
0 0.0 0.0 0.0 0.0
0 0.0 0.0 0.0 0.0
0 0.2744845360824742 0.25 0.08533505154639175 0.1774193548387097
0 0.4368556701030928 0.2511520737327189 0.08644329896907216 0.17972350230414746
0 0.3698453608247423 0.2534562211981567 0.07979381443298969 0.16589861751152074
0 0.4961340206185567 0.25806451612903225 0.07757731958762885 0.16129032258064516
0 0.2190721649484536 0.097926267281106 0.0454381443298969 0.0944700460829493
0 0.30412371134020616 0.07027649769585254 0.047654639175257724 0.09907834101382489
