0 0.0 0.0 0.0 0.0
0 0.2744845360824742 0.18087557603686635 0.07646907216494844 0.15898617511520738
0 0.4252577319587629 0.17972350230414746 0.07757731958762885 0.16129032258064516
0 0.4656552639800062 0.6364766153544466 0.16009930905900416 0.3328610648102755
0 0.32133769874545787 0.6370256887930189 0.16506048475542878 0.34317580154917143
0 0.0 0.0 0.0 0.0
0 0.4213917525773196 0.3294930875576037 0.10417525773195876 0.21658986175115208
0 0.5167525773195876 0.3248847926267281 0.09974226804123712 0.2073732718894009
0 0.0 0.0 0.0 0.0
0 0.0 0.0 0.0 0.0
0 0.3943298969072165 0.3974654377880184 0.12966494845360826 0.2695852534562212
0 0.0 0.0 0.0 0.0
0 0.0 0.0 0.0 0.0
0 0.0 0.0 0.0 0.0
0 0.0 0.0 0.0 0.0
0 0.0 0.0 0.0 0.0
0 0.31958762886597936 0.06912442396313365 0.04654639175257731 0.0967741935483871
