0 0.31443298969072164 0.511520737327189 0.1440721649484536 0.2995391705069124
0 0.27319587628865977 0.12211981566820276 0.06206185567010309 0.12903225806451613
0 0.36082474226804123 0.12327188940092165 0.06095360824742268 0.12672811059907835
0 0.3492268041237113 0.29838709677419356 0.08755154639175257 0.18202764976958524
0 0.25257731958762886 0.29838709677419356 0.09420103092783504 0.195852534562212
0 0.5025773195876289 0.44930875576036866 0.14850515463917524 0.3087557603686636
0 0.44329896907216493 0.6405750563780763 0.18177379907874539 0.3779243063045397
0 0.6314432989690721 0.6422762035493677 0.18562672735248958 0.3859348955779979
0 0.0 0.0 0.0 0.0
0 0.0 0.0 0.0 0.0
0 0.0 0.0 0.0 0.0
0 0.0 0.0 0.0 0.0
0 0.0 0.0 0.0 0.0
0 0.0 0.0 0.0 0.0
0 0.0 0.0 0.0 0.0
0 0.0 0.0 0.0 0.0
0 0.23663709120505105 0.048963133640553 0.04599226804123711 0.0956221198156682
