0 0.32216494845360827 0.49539170506912444 0.14185567010309277 0.29493087557603687
0 0.27835051546391754 0.11635944700460829 0.05873711340206185 0.12211981566820276
0 0.3543814432989691 0.11981566820276497 0.06206185567010309 0.12903225806451613
0 0.35051546391752575 0.27880184331797236 0.07979381443298969 0.16589861751152074
0 0.24742268041237114 0.28225806451612906 0.08976804123711339 0.18663594470046083
0 0.5992268041237113 0.4861751152073733 0.1618041237113402 0.33640552995391704
0 0.4587628865979381 0.6597043827826257 0.17801047378811136 0.37010000980488267
0 0.6095360824742267 0.668719972546328 0.1711676354463698 0.35587312481615835
0 0.0 0.0 0.0 0.0
0 0.0 0.0 0.0 0.0
0 0.0 0.0 0.0 0.0
0 0.0 0.0 0.0 0.0
0 0.0 0.0 0.0 0.0
0 0.0 0.0 0.0 0.0
0 0.0 0.0 0.0 0.0
0 0.0 0.0 0.0 0.0
0 0.24123423601177263 0.04918129228355721 0.04620212765957446 0.09605843710167662
