0 0.0 0.0 0.0 0.0
0 0.0 0.0 0.0 0.0
0 0.0 0.0 0.0 0.0
0 0.0 0.0 0.0 0.0
0 0.0 0.0 0.0 0.0
0 0.0 0.0 0.0 0.0
0 0.3079896907216495 0.10599078341013825 0.04876288659793814 0.10138248847926268
0 0.3643927062266726 0.10829493087557604 0.04876288659793814 0.10138248847926268
0 0.0 0.0 0.0 0.0
0 0.0 0.0 0.0 0.0
0 0.0 0.0 0.0 0.0
0 0.0 0.0 0.0 0.0
0 0.3376288659793814 0.18778801843317972 0.07425257731958762 0.1543778801843318
0 0.2461340206185567 0.19470046082949308 0.06760309278350515 0.14055299539170507
0 0.19716494845360824 0.21774193548387097 0.0720360824742268 0.1497695852534562
0 0.23324742268041238 0.13709677419354838 0.05652061855670103 0.1175115207373272
0 0.39611387888653216 0.056451612903225805 0.03435567010309278 0.07142857142857142
