0 0.0 0.0 0.0 0.0
0 0.43556701030927836 0.46543778801843316 0.15293814432989689 0.31797235023041476
0 0.6791237113402062 0.47119815668202764 0.15847938144329898 0.3294930875576037
0 0.0 0.0 0.0 0.0
0 0.0 0.0 0.0 0.0
0 0.0 0.0 0.0 0.0
0 0.31572164948453607 0.14516129032258066 0.05984536082474226 0.12442396313364056
0 0.38273195876288657 0.14285714285714285 0.05762886597938144 0.11981566820276497
0 0.0 0.0 0.0 0.0
0 0.0 0.0 0.0 0.0
0 0.0 0.0 0.0 0.0
0 0.2693298969072165 0.271889400921659 0.0908762886597938 0.1889400921658986
0 0.452319587628866 0.2626728110599078 0.07979381443298969 0.16589861751152074
0 0.37757731958762886 0.27764976958525345 0.08311855670103092 0.1728110599078341
0 0.5154639175257731 0.2764976958525346 0.08201030927835051 0.17050691244239632
0 0.2268041237113402 0.09101382488479262 0.0454381443298969 0.0944700460829493
0 0.25128865979381443 0.07258064516129033 0.047654639175257724 0.09907834101382489
