0 0.3729166666666667 0.37343750000000003 0.07166666666666666 0.125
0 0.48854166666666665 0.37734375000000003 0.07614583333333333 0.1328125
0 0.5833333333333334 0.37265625 0.042104166666666665 0.0734375
0 0.6396265284423179 0.37455950797872345 0.050748005319148845 0.0885139627659573
0 0.6802083333333333 0.37343750000000003 0.05554166666666666 0.096875
0 0.7239583333333334 0.3765625 0.05733333333333333 0.1
0 0.7770833333333333 0.37812500000000004 0.11108333333333333 0.19375
0 0.8510416666666667 0.4078125 0.17916666666666667 0.3125
0 0.9645833333333333 0.415625 0.21141666666666667 0.36875
0 1.14375 0.4890625 0.1433333333333333 0.25
