0 1.129887360446571 0.4527177526595745 0.047050310283687925 0.08206449468085104
0 0.615625 0.4526346409574468 0.05610394503546102 0.09785571808510643
0 0.7021265284423179 0.45580950797872344 0.05425509751773045 0.09463098404255313
0 1.2548743936071238 0.44955950797872346 0.04708843085106379 0.08213098404255313
0 1.3 0.4390625 0.05375 0.09375
0 0.33958333333333335 0.4609375 0.06987499999999999 0.12187500000000001
0 0.38070287579744816 0.4581865026595745 0.05332114361702126 0.09300199468085105
0 0.459375 0.4494265292553191 0.05791467198581561 0.10101396276595748
0 0.7580857921318447 0.3079621010638298 0.03842553191489363 0.06702127659574471
0 1.2386812200956938 0.44838763297872347 0.045744680851063785 0.07978723404255313
0 0.43804326156299833 0.4451961436170213 0.05123404255319147 0.08936170212765955
0 0.3933861642743221 0.45078125 0.053978723404255365 0.09414893617021286
