0 0.0 0.0 0.0 0.0
0 0.3002577319587629 0.23271889400921658 0.09309278350515462 0.1935483870967742
0 0.5154639175257731 0.23617511520737328 0.09198453608247421 0.1912442396313364
0 0.0 0.0 0.0 0.0
0 0.0 0.0 0.0 0.0
0 0.0 0.0 0.0 0.0
0 0.3685567010309278 0.24423963133640553 0.08201030927835051 0.17050691244239632
0 0.43556701030927836 0.2465437788018433 0.08422680412371134 0.17511520737327188
0 0.0 0.0 0.0 0.0
0 0.0 0.0 0.0 0.0
0 0.22551546391752578 0.2511520737327189 0.09309278350515462 0.1935483870967742
0 0.3758642447261546 0.6506887930189235 0.18485331212985304 0.38432689479360727
0 0.6520618556701031 0.6771717815472105 0.2014628756306207 0.41885969212667906
0 0.47164948453608246 0.6930998137072262 0.18797055275279667 0.390807922345328
0 0.7464700586987618 0.6824370036278066 0.17992986400526426 0.37409059711736437
0 0.0 0.0 0.0 0.0
