0 1.1761280568846357 0.44375000000000003 0.05375 0.09375
0 1.1314227804359382 0.4430352393617022 0.042104166666666665 0.0734375
0 0.8150138390483784 0.44947639627659575 0.056142065602836876 0.09792220744680852
0 0.7470045853269538 0.44765625000000003 0.05464583333333333 0.09531250000000001
0 0.6552515284423179 0.4541971409574468 0.05789561170212768 0.10098071808510643
0 0.55625 0.46015625000000004 0.05464583333333333 0.09531250000000001
0 0.5272968500797448 0.4571642287234043 0.05214893617021274 0.09095744680851059
0 0.4666666666666667 0.45390625 0.0564375 0.09843750000000001
0 0.2407977804359383 0.453125 0.05554166666666666 0.096875
0 0.33714320839978734 0.44944315159574466 0.05976351950354614 0.10423869680851072
0 0.371057615629984 0.45955784574468095 0.06038297872340441 0.1053191489361705
0 0.43981530768208393 0.44789727393617024 0.056161125886524804 0.09795545212765955
0 0.1562931951089846 0.45078125 0.0564375 0.09843750000000001
0 1.2709197235513023 0.44453125000000004 0.05285416666666667 0.0921875
0 0.39815127425571506 0.45859375 0.0564375 0.09843750000000001
0 0.029296251993620414 0.45234375000000004 0.04927083333333333 0.0859375
0 0.7580857921318447 0.3079621010638298 0.03842553191489363 0.06702127659574471
0 1.3135416666666666 0.4459940159574469 0.04117021276595747 0.07180851063829792
