0 0.0 0.0 0.0 0.0
0 0.0 0.0 0.0 0.0
0 0.0 0.0 0.0 0.0
0 0.0 0.0 0.0 0.0
0 0.0 0.0 0.0 0.0
0 0.0 0.0 0.0 0.0
0 0.24742268041237114 0.0944700460829493 0.04654639175257731 0.0967741935483871
0 0.3376288659793814 0.0967741935483871 0.04654639175257731 0.0967741935483871
0 0.0 0.0 0.0 0.0
0 0.0 0.0 0.0 0.0
0 0.0 0.0 0.0 0.0
0 0.0 0.0 0.0 0.0
0 0.19072164948453607 0.20161290322580644 0.07425257731958762 0.1543778801843318
0 0.0 0.0 0.0 0.0
0 0.0 0.0 0.0 0.0
0 0.22938144329896906 0.16705069124423963 0.06095360824742268 0.12672811059907835
0 0.39819587628865977 0.056451612903225805 0.03435567010309278 0.07142857142857142
0 0.0 0.0 0.0 0.0
0 0.0 0.0 0.0 0.0
0 0.34149484536082475 0.3882488479262673 0.13631443298969073 0.2834101382488479
