0 0.0 0.0 0.0 0.0
0 0.0 0.0 0.0 0.0
0 0.0 0.0 0.0 0.0
0 0.0 0.0 0.0 0.0
0 0.0 0.0 0.0 0.0
0 0.0 0.0 0.0 0.0
0 0.297680412371134 0.10483870967741936 0.04987113402061856 0.10368663594470046
0 0.3556701030927835 0.10483870967741936 0.047654639175257724 0.09907834101382489
0 0.0 0.0 0.0 0.0
0 0.0 0.0 0.0 0.0
0 0.0 0.0 0.0 0.0
0 0.0 0.0 0.0 0.0
0 0.3247422680412371 0.1889400921658986 0.07314432989690721 0.15207373271889402
0 0.22036082474226804 0.20046082949308755 0.07092783505154639 0.14746543778801843
0 0.2345360824742268 0.14809540150995196 0.0626678547927177 0.13029218550838317
0 0.3943298969072165 0.056451612903225805 0.03435567010309278 0.07142857142857142
0 0.0 0.0 0.0 0.0
0 0.0 0.0 0.0 0.0
0 0.19329896907216496 0.3248847926267281 0.1174742268041237 0.24423963133640553
