0 0.9429675039872409 0.4059092420212766 0.07205740248226952 0.12568151595744684
0 0.484375 0.40390625 0.0886875 0.1546875
0 0.4038260067783094 0.394639295212766 0.09573027482269507 0.16697140957446815
0 0.3489583333333333 0.3984375 0.08600000000000001 0.15000000000000002
0 0.27708333333333335 0.39369182180851064 0.11294171099290781 0.19699135638297874
0 1.162586390217969 0.41250000000000003 0.05375 0.09375
0 0.04479166666666667 0.38203125000000004 0.05285416666666667 0.0921875
0 0.6802083333333333 0.3953125 0.04658333333333333 0.08125
0 0.7645833333333333 0.39453125 0.04747916666666666 0.08281250000000001
0 0.784375 0.39453125 0.043895833333333335 0.0765625
0 1.1052083333333333 0.39687500000000003 0.043000000000000003 0.07500000000000001
0 1.1429874401913875 0.3989195478723404 0.03842553191489363 0.06702127659574471
