0 0.30102948913990685 0.5869521521717815 0.15467597060758936 0.3215854495538778
0 0.2615979381443299 0.13018433179723501 0.06095360824742268 0.12672811059907835
0 0.3646907216494845 0.1313364055299539 0.06206185567010309 0.12903225806451613
0 0.38695658429109325 0.3352068830277478 0.09858921912700154 0.2049759780370625
0 0.2585252963711998 0.326036866359447 0.10085051546391753 0.20967741935483872
0 0.3324742268041237 0.407650259829395 0.13502933757402938 0.28073830767722324
0 0.42362892352718723 0.5663226786939896 0.16354194998903265 0.3400186292773801
0 0.6082474226804123 0.5604152367879204 0.1600757293266067 0.3328120403961173
0 0.0 0.0 0.0 0.0
0 0.0 0.0 0.0 0.0
0 0.0 0.0 0.0 0.0
0 0.0 0.0 0.0 0.0
0 0.0 0.0 0.0 0.0
0 0.0 0.0 0.0 0.0
0 0.0 0.0 0.0 0.0
0 0.0 0.0 0.0 0.0
0 0.24480219997040395 0.05013236591822724 0.04711702127659571 0.09796058437101669
