0 0.21501665503721423 0.38203125000000004 0.1478125 0.2578125
0 0.2864583333333333 0.38125000000000003 0.15587499999999999 0.27187500000000003
0 0.40729166666666666 0.36796875 0.0456875 0.07968750000000001
0 0.440625 0.36796875 0.05285416666666667 0.0921875
0 0.509375 0.38671875 0.03672916666666667 0.06406250000000001
0 0.5375 0.37343750000000003 0.051958333333333336 0.09062500000000001
0 0.6083333333333333 0.37343750000000003 0.059125 0.10312500000000001
0 0.6520833333333333 0.38984375000000004 0.0403125 0.0703125
0 0.7583333333333333 0.371875 0.05375 0.09375
0 0.7833333333333333 0.37343750000000003 0.05554166666666666 0.096875
0 0.8489583333333334 0.37343750000000003 0.051958333333333336 0.09062500000000001
