0 0.025 0.37734375000000003 0.05285416666666667 0.0921875
0 0.6375679076953749 0.38934507978723404 0.05672340425531916 0.09893617021276598
0 1.0020833333333332 0.40156250000000004 0.0645 0.1125
0 0.7072916666666667 0.39420711436170214 0.05680917553191489 0.09908577127659575
0 0.7604166666666666 0.3984375 0.051958333333333336 0.09062500000000001
0 0.6186912380382774 0.3875 0.059125 0.10312500000000001
0 0.6708333333333333 0.39453125 0.0510625 0.0890625
0 1.2229166666666667 0.41250000000000003 0.048374999999999994 0.084375
0 0.2864583333333333 0.3796875 0.03941666666666666 0.06875
0 0.8354166666666667 0.39453125 0.03852083333333333 0.0671875
0 0.9260416666666667 0.39609375 0.03672916666666667 0.06406250000000001
0 0.4997125863902179 0.39173869680851064 0.05763829787234047 0.10053191489361711
