0 0.0 0.0 0.0 0.0
0 0.0 0.0 0.0 0.0
0 0.0 0.0 0.0 0.0
0 0.0 0.0 0.0 0.0
0 0.0 0.0 0.0 0.0
0 0.0 0.0 0.0 0.0
0 0.226010786103027 0.08640552995391705 0.04322164948453608 0.08986175115207373
0 0.33118556701030927 0.09101382488479262 0.047654639175257724 0.09907834101382489
0 0.0 0.0 0.0 0.0
0 0.0 0.0 0.0 0.0
0 0.0 0.0 0.0 0.0
0 0.0 0.0 0.0 0.0
0 0.0 0.0 0.0 0.0
0 0.0 0.0 0.0 0.0
0 0.0 0.0 0.0 0.0
0 0.24484536082474226 0.18202764976958524 0.07092783505154639 0.14746543778801843
0 0.40047518045347663 0.053397391901166845 0.03324742268041237 0.06912442396313365
0 0.0 0.0 0.0 0.0
0 0.0 0.0 0.0 0.0
0 0.42783505154639173 0.4447004608294931 0.15293814432989689 0.31797235023041476
