0 0.0 0.0 0.0 0.0
0 0.30283505154639173 0.22926267281105991 0.08976804123711339 0.18663594470046083
0 0.5115979381443299 0.23387096774193547 0.08976804123711339 0.18663594470046083
0 0.0 0.0 0.0 0.0
0 0.0 0.0 0.0 0.0
0 0.0 0.0 0.0 0.0
0 0.3646907216494845 0.24423963133640553 0.08422680412371134 0.17511520737327188
0 0.4381443298969072 0.2465437788018433 0.08422680412371134 0.17511520737327188
0 0.0 0.0 0.0 0.0
0 0.0 0.0 0.0 0.0
0 0.2345360824742268 0.25921658986175117 0.09641752577319587 0.20046082949308755
0 0.37396927769282623 0.6672590450044121 0.19636022153981134 0.4082508089028336
0 0.6506098012134365 0.673823414060202 0.18272642026760252 0.379904892636533
0 0.47551546391752575 0.7033410138248848 0.18452319587628865 0.3836405529953917
0 0.7571760058534339 0.6819418570448083 0.16759766396139508 0.34845082851259934
0 0.0 0.0 0.0 0.0
