0 0.38538218476880004 0.42791490539452504 0.311354144094766 0.49637681159420294
0 1.2269318080157452 0.4190246745840043 0.21488638396850987 0.5474369296833065
0 0.089079517357544 0.3155614177341319 0.055188133769549404 0.1122129757142544
0 0.1830022881737235 0.3107650692372359 0.06098006654352547 0.11798341000047362
0 1.0626458081723025 0.292601005812198 0.06981083345173798 0.11313097759484224
0 0.23945901758872884 0.30561080777658134 0.04186795491143324 0.060386473429951695
0 0.36330717472174034 0.30445060300594773 0.03864734299516902 0.061728140378637386
0 0.5940098166563382 0.3789213466183574 0.18961339219304088 0.3840579710144926
0 1.038280159273018 0.40092618702360217 0.20506272072781956 0.4649993354596835
0 1.2182800131926124 0.37563993248771294 0.22163588390501351 0.4159460555189126
0 0.028416867954911433 0.3244527475845411 0.04830917874396135 0.107487922705314
