0 0.2749568048910154 0.37421875000000004 0.0456875 0.07968750000000001
0 0.3625431951089846 0.3862616356382979 0.062336657801418435 0.10872672872340426
0 0.4803811137692717 0.37578125 0.0833125 0.1453125
0 0.5791666666666666 0.38593750000000004 0.06808333333333333 0.11875000000000001
0 0.684375 0.384375 0.12004166666666666 0.209375
0 0.8125 0.3921875 0.12183333333333332 0.21250000000000002
0 0.5333333333333333 0.40156250000000004 0.048374999999999994 0.084375
0 0.5337370414673046 0.37418550531914896 0.037510638297872365 0.06542553191489367
0 0.6092288011695907 0.38854720744680854 0.05946808510638295 0.1037234042553191
0 0.3987024853801169 0.38375997340425533 0.03385106382978727 0.05904255319148941
