0 0.0 0.0 0.0 0.0
0 0.2693298969072165 0.17626728110599077 0.07425257731958762 0.1543778801843318
0 0.4149484536082474 0.17511520737327188 0.07536082474226803 0.15668202764976957
0 0.4497422680412371 0.5982718894009216 0.15659536082474224 0.3255760368663594
0 0.3079896907216495 0.5961148151779586 0.1678193134459311 0.3489116580056868
0 0.0 0.0 0.0 0.0
0 0.44458762886597936 0.3414623982743406 0.10903975652555384 0.2267035983919992
0 0.5502577319587629 0.33986175115207373 0.10971649484536082 0.22811059907834103
0 0.0 0.0 0.0 0.0
0 0.0 0.0 0.0 0.0
0 0.4536082474226804 0.4157147759584273 0.1272716056152665 0.26460927541915874
0 0.0 0.0 0.0 0.0
0 0.0 0.0 0.0 0.0
0 0.0 0.0 0.0 0.0
0 0.0 0.0 0.0 0.0
0 0.0 0.0 0.0 0.0
0 0.32603092783505155 0.06797235023041474 0.0454381443298969 0.0944700460829493
