0 0.0 0.0 0.0 0.0
0 0.5012886597938144 0.6690680458868516 0.17815195218249613 0.37039415628983224
0 0.7783505154639175 0.6868442984606333 0.17752001535424433 0.3690803019903912
0 0.0 0.0 0.0 0.0
0 0.0 0.0 0.0 0.0
0 0.0 0.0 0.0 0.0
0 0.32216494845360827 0.11635944700460829 0.05208762886597938 0.10829493087557604
0 0.3685567010309278 0.12005833905284836 0.051212820794033824 0.10647612511030502
0 0.0 0.0 0.0 0.0
0 0.0 0.0 0.0 0.0
0 0.0 0.0 0.0 0.0
0 0.0 0.0 0.0 0.0
0 0.375 0.20506912442396313 0.07314432989690721 0.15207373271889402
0 0.29859295614857195 0.2108294930875576 0.0720360824742268 0.1497695852534562
0 0.3131443298969072 0.2269585253456221 0.06981958762886598 0.14516129032258066
0 0.22036082474226804 0.1175115207373272 0.053195876288659794 0.11059907834101382
0 0.39875388447689036 0.0637292871850181 0.04135649265189731 0.08598391999215602
