0 0.42191819510898465 0.3875 0.05733333333333333 0.1
0 0.46041666666666664 0.3875 0.05733333333333333 0.1
0 0.6638008373205743 0.387890625 0.13922584219858156 0.24283577127659575
0 0.7847205608718768 0.3942736037234042 0.137396054964539 0.2396442819148936
0 0.10833333333333334 0.36875 0.09495833333333333 0.16562500000000002
0 0.21041666666666667 0.384375 0.05375 0.09375
0 0.31150152844231793 0.38515625000000003 0.0456875 0.07968750000000001
0 0.5072916666666667 0.38125000000000003 0.04479166666666667 0.078125
0 0.882464447102605 0.39375000000000004 0.0645 0.1125
0 0.33171683944710256 0.3829621010638298 0.045744680851063785 0.07978723404255313
0 1.1376711190855928 0.40929188829787233 0.13631914893617023 0.2377659574468085
0 1.3040719696969698 0.4196642287234042 0.18297872340425536 0.3191489361702129
0 0.9994467703349281 0.39413231382978725 0.043914893617021264 0.07659574468085105
0 1.054736509835194 0.4068982712765958 0.054893617021276625 0.0957446808510639
