0 0.2757731958762887 0.15207373271889402 0.06871134020618556 0.14285714285714285
0 0.3685567010309278 0.1532258064516129 0.06981958762886598 0.14516129032258066
0 0.4097938144329897 0.4274193548387097 0.11636597938144329 0.24193548387096775
0 0.297680412371134 0.4216589861751152 0.12412371134020618 0.25806451612903225
0 0.23602204903073054 0.37367388959701936 0.13077319587628866 0.271889400921659
0 0.5077319587628866 0.42626728110599077 0.126340206185567 0.2626728110599078
0 0.6005154639175256 0.43202764976958524 0.12966494845360826 0.2695852534562212
0 0.4935567010309278 0.658660162761055 0.15705752357973238 0.3265369153838611
0 0.2873392771995593 0.6898592999313659 0.14717289975871906 0.3059858809687225
0 0.6481958762886598 0.6143469948034121 0.15211049572274624 0.31625159329346014
0 0.0 0.0 0.0 0.0
0 0.0 0.0 0.0 0.0
0 0.0 0.0 0.0 0.0
0 0.0 0.0 0.0 0.0
0 0.0 0.0 0.0 0.0
0 0.3376288659793814 0.06015540739288167 0.04852473130072383 0.1008873418962643
