0 0.0 0.0 0.0 0.0
0 0.2770618556701031 0.1889400921658986 0.07979381443298969 0.16589861751152074
0 0.43427835051546393 0.1935483870967742 0.07979381443298969 0.16589861751152074
0 0.47269253851592424 0.7043264045494656 0.15887316297433643 0.33031179527404636
0 0.31312274946973806 0.7052774781841357 0.15978805659135772 0.3322139425433866
0 0.0 0.0 0.0 0.0
0 0.3943298969072165 0.3064516129032258 0.10195876288659794 0.2119815668202765
0 0.5012886597938144 0.3076036866359447 0.0986340206185567 0.20506912442396313
0 0.0 0.0 0.0 0.0
0 0.0 0.0 0.0 0.0
0 0.33505154639175255 0.3640552995391705 0.12190721649484536 0.2534562211981567
0 0.0 0.0 0.0 0.0
0 0.0 0.0 0.0 0.0
0 0.0 0.0 0.0 0.0
0 0.0 0.0 0.0 0.0
0 0.0 0.0 0.0 0.0
0 0.2899484536082474 0.07027649769585254 0.047654639175257724 0.09907834101382489
