0 0.0 0.0 0.0 0.0
0 0.45103092783505155 0.4815668202764977 0.15737113402061856 0.3271889400921659
0 0.7023195876288659 0.48963133640552997 0.1606958762886598 0.33410138248847926
0 0.0 0.0 0.0 0.0
0 0.0 0.0 0.0 0.0
0 0.0 0.0 0.0 0.0
0 0.31443298969072164 0.14170506912442396 0.05873711340206185 0.12211981566820276
0 0.3809161199625117 0.13940092165898618 0.05652061855670103 0.1175115207373272
0 0.0 0.0 0.0 0.0
0 0.0 0.0 0.0 0.0
0 0.0 0.0 0.0 0.0
0 0.2706185567010309 0.26152073732718895 0.08755154639175257 0.18202764976958524
0 0.43943298969072164 0.25806451612903225 0.08422680412371134 0.17511520737327188
0 0.3711340206185567 0.2707373271889401 0.08533505154639175 0.1774193548387097
0 0.5 0.2695852534562212 0.07979381443298969 0.16589861751152074
0 0.22164948453608246 0.0944700460829493 0.04432989690721649 0.09216589861751152
0 0.2667525773195876 0.07142857142857142 0.04876288659793814 0.10138248847926268
