0 0.35 0.3984375 0.10570833333333333 0.184375
0 0.45208333333333334 0.38515625000000003 0.09047916666666667 0.15781250000000002
0 0.4708333333333333 0.38046875 0.07435416666666667 0.1296875
0 0.6500863902179692 0.38362699468085115 0.05285416666666667 0.0921875
0 0.6833333333333333 0.38250498670212774 0.041560948581560196 0.07249002659574454
0 0.69375 0.41328125000000004 0.043895833333333335 0.0765625
0 0.7312931951089845 0.39140625 0.06897916666666666 0.1203125
0 0.8315934924906965 0.38984375000000004 0.08152083333333333 0.1421875
0 0.9033526631446039 0.41484375 0.1675208333333333 0.2921875
0 1.0416666666666667 0.39296875000000003 0.08152083333333333 0.1421875
0 0.60625 0.38203125000000004 0.03672916666666667 0.06406250000000001
