0 0.2677083333333333 0.37734375000000003 0.0994375 0.17343750000000002
0 0.3416666666666667 0.38203125000000004 0.08689583333333334 0.15156250000000002
0 0.40625 0.3875 0.08420833333333333 0.146875
0 0.5855462519936203 0.390625 0.134375 0.234375
0 0.6958333333333333 0.403125 0.129 0.225
0 0.4708333333333333 0.38828125 0.04747916666666666 0.08281250000000001
0 0.4375 0.38515625000000003 0.06360416666666667 0.11093750000000001
0 0.898436669324827 0.40290890957446807 0.06495744680851064 0.11329787234042553
0 0.9547896730462525 0.4029089095744682 0.11070212765957442 0.19308510638297866
0 1.02815490430622 0.4053025265957447 0.11527659574468084 0.20106382978723403
0 0.16797414938862304 0.3981216755319149 0.05031914893617026 0.0877659574468086
0 0.08716606858054225 0.3957280585106383 0.05123404255319147 0.08936170212765955
