0 0.0 0.0 0.0 0.0
0 0.5193298969072165 0.6783385626041769 0.15825537398552317 0.32902735562310037
0 0.8182989690721649 0.7148421413864104 0.15790639394604078 0.32830179429355816
0 0.0 0.0 0.0 0.0
0 0.0 0.0 0.0 0.0
0 0.0 0.0 0.0 0.0
0 0.3208762886597938 0.11635944700460829 0.05208762886597938 0.10829493087557604
0 0.37291800259787244 0.11585204431807038 0.051599528405352035 0.1072801255025002
0 0.0 0.0 0.0 0.0
0 0.0 0.0 0.0 0.0
0 0.0 0.0 0.0 0.0
0 0.0 0.0 0.0 0.0
0 0.37371134020618557 0.20391705069124424 0.07425257731958762 0.1543778801843318
0 0.27963917525773196 0.20622119815668202 0.06981958762886598 0.14516129032258066
0 0.24871134020618557 0.22119815668202764 0.07092783505154639 0.14746543778801843
0 0.2306701030927835 0.12788018433179724 0.05873711340206185 0.12211981566820276
0 0.39875388447689036 0.06182713991567804 0.039526705417854816 0.08217962545347589
