0 0.0 0.0 0.0 0.0
0 0.2757731958762887 0.15898617511520738 0.06871134020618556 0.14285714285714285
0 0.3788659793814433 0.15898617511520738 0.07092783505154639 0.14746543778801843
0 0.41432262122034236 0.4642857142857143 0.12079896907216493 0.2511520737327189
0 0.2757731958762887 0.46889400921658986 0.13853092783505155 0.2880184331797235
0 0.2654639175257732 0.3361040298068438 0.11053471155955252 0.22981174624963227
0 0.5077319587628866 0.4078341013824885 0.12412371134020618 0.25806451612903225
0 0.6108247422680412 0.39513922933620943 0.11412826277692475 0.23728306696734974
0 0.5994241108864006 0.7007770369644083 0.14215984865101994 0.2955632905186783
0 0.6328686348016245 0.577186488871458 0.16955949769686335 0.3525296597705658
0 0.0 0.0 0.0 0.0
0 0.0 0.0 0.0 0.0
0 0.0 0.0 0.0 0.0
0 0.0 0.0 0.0 0.0
0 0.0 0.0 0.0 0.0
0 0.3389175257731959 0.06682027649769585 0.04432989690721649 0.09216589861751152
