0 0.0 0.0 0.0 0.0
0 0.4149484536082474 0.43548387096774194 0.14628865979381442 0.30414746543778803
0 0.6443298969072165 0.44815668202764974 0.1518298969072165 0.315668202764977
0 0.0 0.0 0.0 0.0
0 0.0 0.0 0.0 0.0
0 0.0 0.0 0.0 0.0
0 0.3170103092783505 0.15092165898617513 0.06095360824742268 0.12672811059907835
0 0.3801546391752577 0.15092165898617513 0.05873711340206185 0.12211981566820276
0 0.0 0.0 0.0 0.0
0 0.0 0.0 0.0 0.0
0 0.0 0.0 0.0 0.0
0 0.2744845360824742 0.28110599078341014 0.09309278350515462 0.1935483870967742
0 0.4768041237113402 0.28456221198156684 0.09420103092783504 0.195852534562212
0 0.39304123711340205 0.283687126188842 0.08227676025444174 0.17106088832238447
0 0.5463917525773195 0.2903225806451613 0.08644329896907216 0.17972350230414746
0 0.22809278350515463 0.08755760368663594 0.04211340206185567 0.08755760368663594
0 0.21262886597938144 0.07373271889400922 0.05097938144329897 0.10599078341013825
