0 0.0 0.0 0.0 0.0
0 0.4690721649484536 0.5791817825276988 0.19142734152226362 0.3979949014609275
0 0.7152061855670103 0.5849960780468674 0.17485550559333185 0.3635405431905088
0 0.0 0.0 0.0 0.0
0 0.0 0.0 0.0 0.0
0 0.0 0.0 0.0 0.0
0 0.3109379881287097 0.12903225806451613 0.055412371134020616 0.1152073732718894
0 0.36597938144329895 0.13018433179723501 0.054304123711340205 0.11290322580645161
0 0.0 0.0 0.0 0.0
0 0.0 0.0 0.0 0.0
0 0.0 0.0 0.0 0.0
0 0.24871134020618557 0.2315668202764977 0.0809020618556701 0.16820276497695852
0 0.431701030927835 0.2315668202764977 0.07868556701030928 0.16359447004608296
0 0.3582474226804124 0.2350230414746544 0.07536082474226803 0.15668202764976957
0 0.47164948453608246 0.24308755760368664 0.07425257731958762 0.1543778801843318
0 0.211340206185567 0.10483870967741936 0.047654639175257724 0.09907834101382489
0 0.36211340206185566 0.06277821355034807 0.04044159903487606 0.08408177272281595
