0 0.24864674707602336 0.41516788563829793 0.09548249113475175 0.1665392287234042
0 0.4149280801435406 0.40092253989361704 0.07272451241134752 0.12684507978723403
0 0.4895833333333333 0.40625 0.102125 0.178125
0 0.6124136097820307 0.39609375 0.042104166666666665 0.0734375
0 0.665625 0.3984375 0.05554166666666666 0.096875
0 0.884375 0.39453125 0.04747916666666666 0.08281250000000001
0 0.9260416666666667 0.38828125 0.0510625 0.0890625
0 0.9916666666666667 0.42265625 0.0725625 0.1265625
0 1.0302083333333334 0.40625 0.08779166666666667 0.153125
0 1.2479166666666666 0.40156250000000004 0.12362499999999998 0.215625
0 1.2796168926103135 0.39510472074468095 0.13285970744680842 0.23173204787234028
0 0.3019454412546517 0.41088763297872344 0.05946808510638297 0.10372340425531915
