0 0.0 0.0 0.0 0.0
0 0.8711340206185567 0.6474654377880185 0.006649484536082474 0.013824884792626727
0 0.0 0.0 0.0 0.0
0 0.0 0.0 0.0 0.0
0 0.0 0.0 0.0 0.0
0 0.31572164948453607 0.10829493087557604 0.04876288659793814 0.10138248847926268
0 0.36211340206185566 0.10829493087557604 0.04654639175257731 0.0967741935483871
0 0.0 0.0 0.0 0.0
0 0.0 0.0 0.0 0.0
0 0.0 0.0 0.0 0.0
0 0.0 0.0 0.0 0.0
0 0.3402061855670103 0.1912442396313364 0.07092783505154639 0.14746543778801843
0 0.2667525773195876 0.1935483870967742 0.06871134020618556 0.14285714285714285
0 0.1997422680412371 0.21774193548387097 0.0720360824742268 0.1497695852534562
0 0.2306701030927835 0.13709677419354838 0.05652061855670103 0.1175115207373272
0 0.39835721567273386 0.056451612903225805 0.03435567010309278 0.07142857142857142
