0 0.1238486842105263 0.42006316489361706 0.3792234042553192 0.661436170212766
0 0.3625 0.3696060505319149 0.0706850620567376 0.12328789893617023
0 0.41875 0.38046875 0.06539583333333333 0.11406250000000001
0 0.5833333333333334 0.3875 0.12720833333333334 0.22187500000000002
0 0.6929675039872408 0.39671708776595743 0.12738940602836882 0.22219082446808516
0 0.47291666666666665 0.3796875 0.043000000000000003 0.07500000000000001
0 0.30726176236044656 0.36860039893617025 0.0731914893617021 0.12765957446808507
0 0.44335958266879316 0.37977061170212767 0.05306382978723405 0.09255319148936172
0 0.8346408160552896 0.3973238031914894 0.060382978723404264 0.10531914893617023
0 0.8991842769803301 0.39891954787234046 0.06038297872340421 0.10531914893617014
0 0.9675488437001599 0.4029089095744682 0.11070212765957442 0.19308510638297866
