0 0.37395833333333334 0.39375000000000004 0.10033333333333333 0.17500000000000002
0 0.4479166666666667 0.3796875 0.08958333333333333 0.15625
0 0.4739583333333333 0.37812500000000004 0.07166666666666666 0.125
0 0.64375 0.38203125000000004 0.04927083333333333 0.0859375
0 0.6833333333333333 0.38203125000000004 0.0456875 0.07968750000000001
0 0.6958333333333333 0.41171875 0.0456875 0.07968750000000001
0 0.73125 0.38828125 0.06897916666666666 0.1203125
0 0.8427083333333333 0.40156250000000004 0.145125 0.253125
0 0.9008960825358852 0.4234375 0.059125 0.10312500000000001
0 1.0104166666666667 0.39140625 0.07614583333333333 0.1328125
0 0.6052083333333333 0.38125000000000003 0.037625 0.065625
0 0.547559476342371 0.3789727393617023 0.03385106382978727 0.05904255319148941
