0 0.3541666666666667 0.39453125 0.10660416666666667 0.1859375
0 0.4479166666666667 0.3796875 0.09316666666666666 0.1625
0 0.4678123338649654 0.37812500000000004 0.07166666666666666 0.125
0 0.64375 0.38203125000000004 0.04927083333333333 0.0859375
0 0.69375 0.41171875 0.0456875 0.07968750000000001
0 0.6833333333333333 0.38671875 0.0510625 0.0890625
0 0.73125 0.38828125 0.06897916666666666 0.1203125
0 0.8237437699362041 0.38755817819148947 0.07890004432624124 0.13761635638297892
0 0.8729166666666667 0.41250000000000003 0.15766666666666665 0.275
0 1.0208333333333333 0.38828125 0.07972916666666666 0.1390625
0 0.6084197235513025 0.37890625 0.0403125 0.0703125
