0 0.046875 0.36484375 0.2015625 0.3515625
0 0.17938938729399254 0.4080369015957448 0.2702843528368793 0.47142619680851044
0 0.403125 0.36484375 0.0564375 0.09843750000000001
0 0.4875 0.36562500000000003 0.06091666666666666 0.10625000000000001
0 0.567837918660287 0.36640625000000004 0.04747916666666666 0.08281250000000001
0 0.6083333333333333 0.36640625000000004 0.0510625 0.0890625
0 0.6427083333333333 0.36250000000000004 0.04658333333333333 0.08125
0 0.6770833333333334 0.371875 0.05375 0.09375
0 0.7760416666666666 0.39375000000000004 0.13079166666666667 0.22812500000000002
0 0.8375 0.371875 0.09495833333333333 0.16562500000000002
0 0.8980030568846358 0.4360039893617022 0.08958333333333333 0.15625
0 1.0489583333333332 0.38359375 0.07077083333333332 0.1234375
0 1.01875 0.40353224734042564 0.07299135638297864 0.12731050531914878
0 1.1645833333333333 0.39453125 0.11377083333333333 0.19843750000000002
0 0.8729183280170122 0.3757812500000002 0.08325531914893616 0.14521276595744678
0 0.9834978070175439 0.37817486702127673 0.060382978723404264 0.10531914893617023
