0 0.384375 0.3921875 0.10570833333333333 0.184375
0 0.5427083333333333 0.39921875 0.12810416666666666 0.2234375
0 0.6322916666666667 0.3828125 0.04479166666666667 0.078125
0 0.6927083333333334 0.38671875 0.0403125 0.0703125
0 0.7916666666666666 0.38828125 0.04747916666666666 0.08281250000000001
0 0.8864583333333333 0.3921875 0.11645833333333333 0.203125
0 1.00625 0.39765625000000004 0.10660416666666667 0.1859375
0 1.05 0.3921875 0.06091666666666666 0.10625000000000001
0 1.2614583333333333 0.40390625 0.14960416666666668 0.2609375
0 0.759375 0.3875 0.03583333333333333 0.0625
0 0.6071022727272728 0.3885472074468087 0.043000000000000003 0.07500000000000001
