0 0.0 0.0 0.0 0.0
0 0.5657216494845361 0.6370967741935484 0.018840206185567008 0.03917050691244239
0 0.0 0.0 0.0 0.0
0 0.0 0.0 0.0 0.0
0 0.0 0.0 0.0 0.0
0 0.0 0.0 0.0 0.0
0 0.31413497426790965 0.10599078341013825 0.04876288659793814 0.10138248847926268
0 0.36082474226804123 0.10829493087557604 0.04876288659793814 0.10138248847926268
0 0.0 0.0 0.0 0.0
0 0.0 0.0 0.0 0.0
0 0.0 0.0 0.0 0.0
0 0.0 0.0 0.0 0.0
0 0.3376288659793814 0.18778801843317972 0.07425257731958762 0.1543778801843318
0 0.25128865979381443 0.1935483870967742 0.06871134020618556 0.14285714285714285
0 0.1997422680412371 0.21774193548387097 0.0720360824742268 0.1497695852534562
0 0.23324742268041238 0.13709677419354838 0.05652061855670103 0.1175115207373272
0 0.39611387888653216 0.056451612903225805 0.03435567010309278 0.07142857142857142
