0 0.0 0.0 0.0 0.0
0 0.4961340206185567 0.648987645847632 0.18100038385610873 0.3763163055201489
0 0.7822164948453608 0.6753774879890184 0.1775718907655187 0.36918815570153923
0 0.0 0.0 0.0 0.0
0 0.0 0.0 0.0 0.0
0 0.0 0.0 0.0 0.0
0 0.32216494845360827 0.12080841258946953 0.05415085545075672 0.11258456711442294
0 0.3685567010309278 0.12005833905284836 0.051212820794033824 0.10647612511030502
0 0.0 0.0 0.0 0.0
0 0.0 0.0 0.0 0.0
0 0.0 0.0 0.0 0.0
0 0.16473778753350102 0.21428571428571427 0.07757731958762885 0.16129032258064516
0 0.39304123711340205 0.20622119815668202 0.07425257731958762 0.1543778801843318
0 0.31056701030927836 0.21428571428571427 0.07314432989690721 0.15207373271889402
0 0.3543814432989691 0.2304147465437788 0.07314432989690721 0.15207373271889402
0 0.22036082474226804 0.1175115207373272 0.053195876288659794 0.11059907834101382
0 0.3983931830513491 0.06563143445435829 0.04501606711998241 0.09359250906951654
