0 0.0 0.0 0.0 0.0
0 0.2912371134020619 0.20852534562211983 0.08533505154639175 0.1774193548387097
0 0.49097938144329895 0.2119815668202765 0.08644329896907216 0.17972350230414746
0 0.0 0.0 0.0 0.0
0 0.0 0.0 0.0 0.0
0 0.0 0.0 0.0 0.0
0 0.37371134020618557 0.2695852534562212 0.08865979381443298 0.18433179723502305
0 0.4574742268041237 0.27764976958525345 0.09198453608247421 0.1912442396313364
0 0.0 0.0 0.0 0.0
0 0.0 0.0 0.0 0.0
0 0.2551546391752577 0.29838709677419356 0.10528350515463918 0.21889400921658986
0 0.4845360824742268 0.6175115207373272 0.03546391752577319 0.07373271889400922
0 0.7835051546391752 0.630184331797235 0.023273195876288656 0.04838709677419355
0 0.6185567010309279 0.6440092165898618 0.009974226804123711 0.020737327188940093
0 0.86340206185567 0.6417050691244239 0.012190721649484535 0.02534562211981567
0 0.0 0.0 0.0 0.0
0 0.19716494845360824 0.07258064516129033 0.04987113402061856 0.10368663594470046
