0 0.2338115253411306 0.22701583655705998 0.12351063829787236 0.235009671179884
0 0.2805951510721248 0.24268314796905224 0.1253404255319149 0.23849129593810453
0 0.3176321881091618 0.19394040135396526 0.12351063829787232 0.23500967117988392
0 0.3225054824561404 0.30970442456479697 0.14638297872340428 0.27852998065764034
0 0.435565911306043 0.2209229932301741 0.12442553191489364 0.23675048355899425
0 0.48624817251461994 0.3271125483558994 0.14638297872340425 0.27852998065764023
0 0.1646107456140351 0.18784755802707936 0.12076595744680849 0.22978723404255313
0 0.15778813352826515 0.22527502417794973 0.11802127659574468 0.22456479690522244
0 0.0876126949317739 0.23833111702127663 0.11893617021276601 0.2263056092843328
0 0.9716282894736843 0.4803040377176016 0.16285106382978726 0.3098646034816248
0 1.064220882066277 0.4785632253384914 0.1610212765957447 0.3063829787234043
