0 0.6520833333333333 0.459765625 0.05330208333333333 0.09296875
0 0.5645401382243488 0.45390625 0.058229166666666665 0.1015625
0 0.39846148159223815 0.45025764627659576 0.05703789893617021 0.09948470744680851
0 0.3301862622939925 0.4510887632978724 0.052501551418439645 0.09157247340425521
0 0.25416666666666665 0.45937500000000003 0.06270833333333332 0.109375
0 0.07395833333333333 0.44843750000000004 0.059125 0.10312500000000001
0 0.030208333333333334 0.45625000000000004 0.050166666666666665 0.08750000000000001
0 0.7580857921318447 0.3079621010638298 0.03842553191489363 0.06702127659574471
0 0.38275352206273255 0.44439827127659576 0.05214893617021274 0.09095744680851059
0 0.40827186337054755 0.4428025265957447 0.050319148936170205 0.08776595744680851
0 0.3104515550239234 0.4515791223404255 0.047574468085106424 0.08297872340425538
