0 0.0 0.0 0.0 0.0
0 0.2860824742268041 0.2074247475242671 0.08427632156174601 0.17521815864300425
0 0.4742268041237113 0.20276497695852536 0.08201030927835051 0.17050691244239632
0 0.0 0.0 0.0 0.0
0 0.0 0.0 0.0 0.0
0 0.0 0.0 0.0 0.0
0 0.38273195876288657 0.27880184331797236 0.09309278350515462 0.1935483870967742
0 0.4626288659793814 0.28225806451612906 0.08976804123711339 0.18663594470046083
0 0.0 0.0 0.0 0.0
0 0.0 0.0 0.0 0.0
0 0.2604808941284796 0.3099078341013825 0.1075 0.22350230414746544
0 0.5399484536082474 0.6336405529953917 0.019948453608247423 0.041474654377880185
0 0.8389175257731959 0.6474654377880185 0.006649484536082474 0.013824884792626727
0 0.0 0.0 0.0 0.0
0 0.0 0.0 0.0 0.0
0 0.0 0.0 0.0 0.0
0 0.2190721649484536 0.07142857142857142 0.04876288659793814 0.10138248847926268
