0 0.0 0.0 0.0 0.0
0 0.0 0.0 0.0 0.0
0 0.0 0.0 0.0 0.0
0 0.0 0.0 0.0 0.0
0 0.0 0.0 0.0 0.0
0 0.0 0.0 0.0 0.0
0 0.0 0.0 0.0 0.0
0 0.5335051546391752 0.3087557603686636 0.06427835051546392 0.1336405529953917
0 0.4884020618556701 0.34101382488479265 0.07314432989690721 0.15207373271889402
0 0.4677835051546392 0.30069124423963134 0.05208762886597938 0.10829493087557604
0 0.431701030927835 0.3813364055299539 0.06760309278350515 0.14055299539170507
0 0.4066204639997369 0.358294930875576 0.0631701030927835 0.1313364055299539
0 0.4368556701030928 0.3294930875576037 0.05984536082474226 0.12442396313364056
