0 0.5302083333333333 0.3640625 0.11825 0.20625000000000002
0 0.6635416666666667 0.3640625 0.04479166666666667 0.078125
0 0.746875 0.36484375 0.04747916666666666 0.08281250000000001
0 0.7927083333333333 0.3686751994680852 0.08608577127659568 0.15014960106382969
0 0.8291666666666666 0.37343750000000003 0.0645 0.1125
0 0.9375 0.37343750000000003 0.09316666666666666 0.1625
0 0.9958333333333333 0.36953125000000003 0.06002083333333333 0.1046875
0 1.1510416666666667 0.38593750000000004 0.13974999999999999 0.24375000000000002
0 1.278125 0.38203125000000004 0.09047916666666667 0.15781250000000002
0 0.6219879718234982 0.36141954787234054 0.04117021276595747 0.07180851063829792
