0 0.3385416666666667 0.40156250000000004 0.10929166666666666 0.19062500000000002
0 0.4375 0.38677692819148946 0.09220412234042548 0.16082114361702118
0 0.4708333333333333 0.38203125000000004 0.07614583333333333 0.1328125
0 0.6572916666666666 0.38240525265957453 0.05242531028368788 0.09143949468085096
0 0.6875 0.41796875 0.0456875 0.07968750000000001
0 0.73125 0.3953125 0.06808333333333333 0.11875000000000001
0 0.840625 0.4 0.08600000000000001 0.15000000000000002
0 0.9438363902179692 0.41328125000000004 0.18364583333333334 0.3203125
0 1.05625 0.39296875000000003 0.08152083333333333 0.1421875
0 0.6104166666666666 0.38671875 0.042104166666666665 0.0734375
0 0.6386280568846359 0.38593750000000004 0.043000000000000003 0.07500000000000001
0 0.6889736177565124 0.38535571808510655 0.04117021276595747 0.07180851063829792
