0 0.36543334662413607 0.38125000000000003 0.13258333333333333 0.23125
0 0.509375 0.38906250000000003 0.15408333333333332 0.26875
0 0.5729166666666666 0.37421875000000004 0.0510625 0.0890625
0 0.621875 0.371875 0.034041666666666665 0.059375000000000004
0 0.6760416666666667 0.375 0.04120833333333333 0.07187500000000001
0 0.7083333333333334 0.37343750000000003 0.034041666666666665 0.059375000000000004
0 0.7384552764486975 0.37265625 0.0456875 0.07968750000000001
0 0.790625 0.3765625 0.048374999999999994 0.084375
0 0.8833333333333333 0.38359375 0.06897916666666666 0.1203125
0 0.9927083333333333 0.38203125000000004 0.17110416666666667 0.2984375
0 1.0665965992158426 0.38828125 0.12093749999999999 0.2109375
0 0.640625 0.37109375 0.03314583333333333 0.0578125
