0 0.0 0.0 0.0 0.0
0 0.30412371134020616 0.24193548387096775 0.09309278350515462 0.1935483870967742
0 0.5128865979381443 0.24308755760368664 0.09641752577319587 0.20046082949308755
0 0.0 0.0 0.0 0.0
0 0.0 0.0 0.0 0.0
0 0.0 0.0 0.0 0.0
0 0.3646907216494845 0.2315668202764977 0.0809020618556701 0.16820276497695852
0 0.43427835051546393 0.23617511520737328 0.0809020618556701 0.16820276497695852
0 0.0 0.0 0.0 0.0
0 0.0 0.0 0.0 0.0
0 0.21391752577319587 0.24308755760368664 0.09198453608247421 0.1912442396313364
0 0.37628865979381443 0.6022232571820767 0.16926239306865537 0.35191195215217175
0 0.6082474226804123 0.6275541719776448 0.1869802039921035 0.3887488969506814
0 0.461340206185567 0.6415800568683203 0.1716580938802368 0.3568928326306499
0 0.7461340206185567 0.6204554368075301 0.1535535753454705 0.3192518874399451
0 0.0 0.0 0.0 0.0
