0 0.0 0.0 0.0 0.0
0 0.38788659793814434 0.39631336405529954 0.1352061855670103 0.28110599078341014
0 0.5992268041237113 0.41013824884792627 0.13742268041237113 0.2857142857142857
0 0.0 0.0 0.0 0.0
0 0.0 0.0 0.0 0.0
0 0.0 0.0 0.0 0.0
0 0.30927835051546393 0.15668202764976957 0.05984536082474226 0.12442396313364056
0 0.37371134020618557 0.15898617511520738 0.06206185567010309 0.12903225806451613
0 0.0 0.0 0.0 0.0
0 0.0 0.0 0.0 0.0
0 0.0 0.0 0.0 0.0
0 0.30283505154639173 0.31105990783410137 0.09752577319587628 0.20276497695852536
0 0.5347938144329897 0.31105990783410137 0.09530927835051545 0.19815668202764977
0 0.4536082474226804 0.3225806451612903 0.09752577319587628 0.20276497695852536
0 0.6288659793814433 0.3225806451612903 0.09309278350515462 0.1935483870967742
0 0.23324742268041238 0.07949308755760369 0.041005154639175256 0.08525345622119816
0 0.1823803005639685 0.07142857142857142 0.04876288659793814 0.10138248847926268
