0 0.0 0.0 0.0 0.0
0 0.2822164948453608 0.19921315815276006 0.08302659574468083 0.1726198646926169
0 0.461340206185567 0.20161290322580644 0.0809020618556701 0.16820276497695852
0 0.0 0.0 0.0 0.0
0 0.3788659793814433 0.2868663594470046 0.09420103092783504 0.195852534562212
0 0.4845360824742268 0.2926267281105991 0.09530927835051545 0.19815668202764977
0 0.0 0.0 0.0 0.0
0 0.0 0.0 0.0 0.0
0 0.27190721649484534 0.33064516129032256 0.11414948453608247 0.23732718894009217
0 0.0 0.0 0.0 0.0
0 0.0 0.0 0.0 0.0
0 0.0 0.0 0.0 0.0
0 0.0 0.0 0.0 0.0
0 0.0 0.0 0.0 0.0
0 0.2422680412371134 0.07142857142857142 0.04876288659793814 0.10138248847926268
