0 0.3054123711340206 0.674774487694872 0.18364131388462385 0.38180703990587317
0 0.25644329896907214 0.1382488479262673 0.06427835051546392 0.1336405529953917
0 0.3634020618556701 0.14055299539170507 0.06427835051546392 0.1336405529953917
0 0.4175257731958763 0.3456221198156682 0.08644329896907216 0.17972350230414746
0 0.31829896907216493 0.3617511520737327 0.11082474226804123 0.2304147465437788
0 0.2654639175257732 0.3870967741935484 0.1352061855670103 0.28110599078341014
0 0.4304123711340206 0.5122977742915972 0.1514691270015354 0.31491812922835566
0 0.5502577319587629 0.5034562211981567 0.14739690721649484 0.3064516129032258
0 0.0 0.0 0.0 0.0
0 0.0 0.0 0.0 0.0
0 0.0 0.0 0.0 0.0
0 0.0 0.0 0.0 0.0
0 0.0 0.0 0.0 0.0
0 0.0 0.0 0.0 0.0
0 0.0 0.0 0.0 0.0
0 0.2809278350515464 0.05785125992744388 0.04630823645536301 0.09627904696538873
