0 0.0 0.0 0.0 0.0
0 0.0 0.0 0.0 0.0
0 0.0 0.0 0.0 0.0
0 0.0 0.0 0.0 0.0
0 0.0 0.0 0.0 0.0
0 0.0 0.0 0.0 0.0
0 0.0 0.0 0.0 0.0
0 0.36211340206185566 0.08064516129032258 0.04211340206185567 0.08755760368663594
0 0.0 0.0 0.0 0.0
0 0.0 0.0 0.0 0.0
0 0.0 0.0 0.0 0.0
0 0.0 0.0 0.0 0.0
0 0.0 0.0 0.0 0.0
0 0.0 0.0 0.0 0.0
0 0.0 0.0 0.0 0.0
0 0.0 0.0 0.0 0.0
0 0.3974025386803466 0.058973919011667805 0.03678202456679096 0.07647318364545543
0 0.0 0.0 0.0 0.0
0 0.3208762886597938 0.2880184331797235 0.0908762886597938 0.1889400921658986
0 0.779639175257732 0.614239141092264 0.17417169335380567 0.3621188351799196
