0 0.0 0.0 0.0 0.0
0 0.48195876288659795 0.6222497303657221 0.17744456021057248 0.36892342386508475
0 0.7461340206185567 0.6310643200313756 0.17262486290853257 0.35890283361113834
0 0.0 0.0 0.0 0.0
0 0.0 0.0 0.0 0.0
0 0.0 0.0 0.0 0.0
0 0.32233656423157236 0.1255637807628199 0.058725323535863135 0.12209530346112366
0 0.3634020618556701 0.12386263359152862 0.05487239526211892 0.11408471418766554
0 0.0 0.0 0.0 0.0
0 0.0 0.0 0.0 0.0
0 0.0 0.0 0.0 0.0
0 0.18814432989690721 0.21774193548387097 0.07868556701030928 0.16359447004608296
0 0.4007731958762887 0.21313364055299538 0.07646907216494844 0.15898617511520738
0 0.33118556701030927 0.22004608294930875 0.0720360824742268 0.1497695852534562
0 0.40463917525773196 0.23387096774193547 0.07425257731958762 0.1543778801843318
0 0.21391752577319587 0.1152073732718894 0.05097938144329897 0.10599078341013825
0 0.38273195876288657 0.06563143445435829 0.04318627988593993 0.08978821453083641
