0 0.0 0.0 0.0 0.0
0 0.2770618556701031 0.15552995391705068 0.06981958762886598 0.14516129032258066
0 0.3788659793814433 0.15898617511520738 0.07092783505154639 0.14746543778801843
0 0.4162371134020618 0.4539170506912442 0.12190721649484536 0.2534562211981567
0 0.27963917525773196 0.4596774193548387 0.1340979381443299 0.27880184331797236
0 0.26804123711340205 0.3414623982743406 0.10903975652555384 0.2267035983919992
0 0.5092765007645637 0.4073904304343563 0.12455050449660014 0.25895185802529663
0 0.608495083773163 0.4077041866849691 0.12399873875849966 0.25780468673399354
0 0.5914948453608248 0.6904083733699382 0.15213407545514368 0.31630061770761836
0 0.6328686348016245 0.5743332679674478 0.16681481684579952 0.34682321796254534
0 0.0 0.0 0.0 0.0
0 0.0 0.0 0.0 0.0
0 0.0 0.0 0.0 0.0
0 0.0 0.0 0.0 0.0
0 0.0 0.0 0.0 0.0
0 0.3402061855670103 0.06566820276497695 0.04322164948453608 0.08986175115207373
