0 0.3763398209064327 0.3940575132978723 0.07310571808510642 0.12750997340425538
0 0.41770833333333335 0.40703125 0.04747916666666666 0.08281250000000001
0 0.4583333333333333 0.38984375000000004 0.07435416666666667 0.1296875
0 0.5333333333333333 0.38671875 0.09227083333333333 0.1609375
0 0.678125 0.39375000000000004 0.12720833333333334 0.22187500000000002
0 1.04375 0.4078125 0.26158333333333333 0.45625000000000004
0 1.2447916666666667 0.39609375 0.17647916666666666 0.30781250000000004
0 1.3010416666666667 0.37578125 0.1746875 0.3046875
0 0.8177083333333334 0.3840841090425532 0.041541888297872365 0.07245678191489367
0 0.31683114035087717 0.3829621010638298 0.032936170212766 0.057446808510638374
0 0.3349066321105794 0.38056848404255317 0.03385106382978721 0.05904255319148932
0 0.2849332137161084 0.3853557180851064 0.03385106382978721 0.05904255319148932
0 0.7921102472089314 0.3725897606382979 0.032021276595744684 0.055851063829787245
