0 0.752251748814965 0.31065090476105905 0.09564017925507654 0.19565465301458757
0 0.801927334943639 0.3841145833333334 0.27037037037037026 0.368840579710145
0 0.8591974420605595 0.3110452454532538 0.11464283177038889 0.1998033532253481
0 0.14136562233589095 0.3258458041895942 0.0418679549114334 0.07801022129866442
0 0.637777267156863 0.31047494405370857 0.08500954639102021 0.1938163807189543
0 0.3045191347428721 0.3218307495161498 0.06194277070228852 0.1273657211623478
0 0.22197332137877368 0.3214920089880255 0.0717299863489675 0.13434307815985594
0 1.2997442201518286 0.29814943495514146 0.06036162870945484 0.19152726017943414
0 0.6136143080420574 0.3107156241119637 0.0428951169839916 0.107487922705314
0 0.4595117082662373 0.3729464650404927 0.17388620504562577 0.34392785359145245
0 0.5228613312220983 0.36181023848563987 0.08996434755850752 0.32056164995491687
0 0.5361835008761959 0.30690545964762717 0.0750070154873543 0.15730694089229902
0 0.5970159017713363 0.31014115338164255 0.06634460547504031 0.1564009661835748
0 1.1087772360755894 0.3074778820665494 0.0579994316567209 0.11882686787350814
0 0.823746980676328 0.3765163896765386 0.2267310789049913 0.3301722327242176
0 0.7501044959801552 0.3031275028750178 0.080617325885668 0.17372543635887328
0 0.7900371390378813 0.3073502853926897 0.07342690153255292 0.1675829592480108
