0 0.0 0.0 0.0 0.0
0 0.0 0.0 0.0 0.0
0 0.0 0.0 0.0 0.0
0 0.0 0.0 0.0 0.0
0 0.0 0.0 0.0 0.0
0 0.0 0.0 0.0 0.0
0 0.2603092783505155 0.0944700460829493 0.04654639175257731 0.0967741935483871
0 0.3337628865979381 0.097926267281106 0.047654639175257724 0.09907834101382489
0 0.0 0.0 0.0 0.0
0 0.0 0.0 0.0 0.0
0 0.0 0.0 0.0 0.0
0 0.0 0.0 0.0 0.0
0 0.23195876288659795 0.195852534562212 0.07536082474226803 0.15668202764976957
0 0.0 0.0 0.0 0.0
0 0.0 0.0 0.0 0.0
0 0.22551546391752578 0.1578341013824885 0.05873711340206185 0.12211981566820276
0 0.40097050263897793 0.056451612903225805 0.03435567010309278 0.07142857142857142
0 0.0 0.0 0.0 0.0
0 0.0 0.0 0.0 0.0
0 0.327319587628866 0.36981566820276496 0.12966494845360826 0.2695852534562212
