0 0.29510309278350516 0.5786866359447005 0.17543556701030927 0.3647465437788019
0 0.2693298969072165 0.12672811059907835 0.06206185567010309 0.12903225806451613
0 0.3672680412371134 0.12788018433179724 0.06095360824742268 0.12672811059907835
0 0.37199004422959925 0.3182346308461614 0.09112859179644658 0.18946465339739188
0 0.2615979381443299 0.3191244239631336 0.10306701030927835 0.21428571428571427
0 0.38144329896907214 0.41589861751152074 0.1340979381443299 0.27880184331797236
0 0.43427835051546393 0.5879032258064516 0.16656958762886598 0.34631336405529956
0 0.615979381443299 0.5844470046082949 0.1698943298969072 0.35322580645161294
0 0.0 0.0 0.0 0.0
0 0.0 0.0 0.0 0.0
0 0.0 0.0 0.0 0.0
0 0.0 0.0 0.0 0.0
0 0.0 0.0 0.0 0.0
0 0.0 0.0 0.0 0.0
0 0.0 0.0 0.0 0.0
0 0.0 0.0 0.0 0.0
0 0.23939270622667258 0.0548877340915776 0.04437234042553191 0.09225414256299637
