0 0.0 0.0 0.0 0.0
0 0.27190721649484534 0.1532258064516129 0.06981958762886598 0.14516129032258066
0 0.37371134020618557 0.15668202764976957 0.07092783505154639 0.14746543778801843
0 0.39304123711340205 0.43894009216589863 0.11858247422680411 0.2465437788018433
0 0.27319587628865977 0.44239631336405527 0.12855670103092784 0.2672811059907834
0 0.2551546391752577 0.3640552995391705 0.12855670103092784 0.2672811059907834
0 0.5051546391752577 0.41589861751152074 0.12301546391752577 0.2557603686635945
0 0.6134020618556701 0.41359447004608296 0.11858247422680411 0.2465437788018433
0 0.520618556701031 0.6554588685165212 0.1473285259925422 0.3063094421021668
0 0.311129129055065 0.7227056574173939 0.1521718030269796 0.3163790567702716
0 0.6559278350515464 0.5870060790273556 0.15462409519631495 0.32147759584272967
0 0.0 0.0 0.0 0.0
0 0.0 0.0 0.0 0.0
0 0.0 0.0 0.0 0.0
0 0.0 0.0 0.0 0.0
0 0.0 0.0 0.0 0.0
0 0.35051546391752575 0.06682027649769585 0.04432989690721649 0.09216589861751152
