0 0.0 0.0 0.0 0.0
0 0.27835051546391754 0.1889400921658986 0.07757731958762885 0.16129032258064516
0 0.4304123711340206 0.1883493479752917 0.0770090480368502 0.16010883419943137
0 0.4723945230931123 0.6849960780468674 0.16465962930467207 0.3423423865084812
0 0.3170103092783505 0.6870992254142563 0.16446627549901296 0.3419403863123836
0 0.0 0.0 0.0 0.0
0 0.4074805981683355 0.3143960192175704 0.10096605615266505 0.20991763898421414
0 0.5064432989690721 0.31797235023041476 0.09752577319587628 0.20276497695852536
0 0.0 0.0 0.0 0.0
0 0.0 0.0 0.0 0.0
0 0.3427835051546392 0.3709677419354839 0.12412371134020618 0.25806451612903225
0 0.0 0.0 0.0 0.0
0 0.0 0.0 0.0 0.0
0 0.0 0.0 0.0 0.0
0 0.0 0.0 0.0 0.0
0 0.0 0.0 0.0 0.0
0 0.297680412371134 0.06912442396313365 0.04654639175257731 0.0967741935483871
