0 0.0 0.0 0.0 0.0
0 0.4484536082474227 0.5171462888518482 0.1760816516779995 0.36608981272673785
0 0.7074742268041238 0.5194504363172859 0.17386515683263867 0.36148151779586224
0 0.0 0.0 0.0 0.0
0 0.0 0.0 0.0 0.0
0 0.0 0.0 0.0 0.0
0 0.31572164948453607 0.13940092165898618 0.05873711340206185 0.12211981566820276
0 0.37628865979381443 0.1382488479262673 0.05762886597938144 0.11981566820276497
0 0.0 0.0 0.0 0.0
0 0.0 0.0 0.0 0.0
0 0.0 0.0 0.0 0.0
0 0.27190721649484534 0.2511520737327189 0.08644329896907216 0.17972350230414746
0 0.43943298969072164 0.2534562211981567 0.08422680412371134 0.17511520737327188
0 0.3698453608247423 0.25460829493087556 0.0809020618556701 0.16820276497695852
0 0.4961340206185567 0.25806451612903225 0.07757731958762885 0.16129032258064516
0 0.2172707130995248 0.0944700460829493 0.04432989690721649 0.09216589861751152
0 0.2963917525773196 0.07027649769585254 0.047654639175257724 0.09907834101382489
