0 0.0 0.0 0.0 0.0
0 0.27190721649484534 0.17972350230414746 0.07536082474226803 0.15668202764976957
0 0.42396907216494845 0.17972350230414746 0.07757731958762885 0.16129032258064516
0 0.47164948453608246 0.6404279831356015 0.17276634130291724 0.35919698009608775
0 0.327319587628866 0.6283581723698403 0.17888763983329678 0.3719237180115698
0 0.0 0.0 0.0 0.0
0 0.4371177181472895 0.3284954407294833 0.1032155626233823 0.21459456809491123
0 0.538659793814433 0.33064516129032256 0.10528350515463918 0.21889400921658986
0 0.0 0.0 0.0 0.0
0 0.0 0.0 0.0 0.0
0 0.41881443298969073 0.4055299539170507 0.13077319587628866 0.271889400921659
0 0.0 0.0 0.0 0.0
0 0.0 0.0 0.0 0.0
0 0.0 0.0 0.0 0.0
0 0.0 0.0 0.0 0.0
0 0.0 0.0 0.0 0.0
0 0.32216494845360827 0.06912442396313365 0.04654639175257731 0.0967741935483871
