0 0.0 0.0 0.0 0.0
0 0.3543814432989691 0.29660015687812535 0.09913155297214304 0.20610353956270228
0 0.566170727897532 0.2977522306108442 0.09802330554946263 0.2037993920972645
0 0.0 0.0 0.0 0.0
0 0.0 0.0 0.0 0.0
0 0.0 0.0 0.0 0.0
0 0.3015463917525773 0.18778801843317972 0.06981958762886598 0.14516129032258066
0 0.3865979381443299 0.1912442396313364 0.07092783505154639 0.14746543778801843
0 0.0 0.0 0.0 0.0
0 0.0 0.0 0.0 0.0
0 0.0 0.0 0.0 0.0
0 0.3337628865979381 0.4216589861751152 0.126340206185567 0.2626728110599078
0 0.5880676679984872 0.42626728110599077 0.12855670103092784 0.2672811059907834
0 0.431701030927835 0.42857142857142855 0.12190721649484536 0.2534562211981567
0 0.7103773080780678 0.431277576232964 0.1174742268041237 0.24423963133640553
0 0.24484536082474226 0.06336405529953917 0.036572164948453605 0.07603686635944701
