0 0.0 0.0 0.0 0.0
0 0.3865979381443299 0.391705069124424 0.13298969072164948 0.2764976958525346
0 0.5979381443298969 0.4009216589861751 0.13742268041237113 0.2857142857142857
0 0.0 0.0 0.0 0.0
0 0.0 0.0 0.0 0.0
0 0.0 0.0 0.0 0.0
0 0.3054123711340206 0.15898617511520738 0.05984536082474226 0.12442396313364056
0 0.37371134020618557 0.16129032258064516 0.06427835051546392 0.1336405529953917
0 0.0 0.0 0.0 0.0
0 0.0 0.0 0.0 0.0
0 0.0 0.0 0.0 0.0
0 0.297680412371134 0.31682027649769584 0.10085051546391753 0.20967741935483872
0 0.538659793814433 0.31105990783410137 0.09530927835051545 0.19815668202764977
0 0.46649484536082475 0.3225806451612903 0.09752577319587628 0.20276497695852536
0 0.6296993949259276 0.3225806451612903 0.09309278350515462 0.1935483870967742
0 0.2345360824742268 0.07834101382488479 0.039896907216494845 0.08294930875576037
0 0.18249436853614823 0.07067849789195013 0.047654639175257724 0.09907834101382489
