0 0.0 0.0 0.0 0.0
0 0.0 0.0 0.0 0.0
0 0.0 0.0 0.0 0.0
0 0.0 0.0 0.0 0.0
0 0.0 0.0 0.0 0.0
0 0.0 0.0 0.0 0.0
0 0.30670103092783507 0.10483870967741936 0.04987113402061856 0.10368663594470046
0 0.35695876288659795 0.10714285714285714 0.04987113402061856 0.10368663594470046
0 0.0 0.0 0.0 0.0
0 0.0 0.0 0.0 0.0
0 0.0 0.0 0.0 0.0
0 0.0 0.0 0.0 0.0
0 0.3376288659793814 0.18778801843317972 0.07425257731958762 0.1543778801843318
0 0.2306701030927835 0.19700460829493088 0.06981958762886598 0.14516129032258066
0 0.18685567010309279 0.21774193548387097 0.0720360824742268 0.1497695852534562
0 0.23711340206185566 0.149046475144622 0.06358274840973895 0.13219433277772324
0 0.39746522468307594 0.056451612903225805 0.03435567010309278 0.07142857142857142
0 0.0 0.0 0.0 0.0
0 0.0 0.0 0.0 0.0
0 0.1559278350515464 0.3675115207373272 0.07646907216494844 0.15898617511520738
