0 0.0 0.0 0.0 0.0
0 0.2963917525773196 0.2119815668202765 0.08422680412371134 0.17511520737327188
0 0.4961340206185567 0.2119815668202765 0.08644329896907216 0.17972350230414746
0 0.0 0.0 0.0 0.0
0 0.0 0.0 0.0 0.0
0 0.0 0.0 0.0 0.0
0 0.3872905670925204 0.27216638886165306 0.09335923448124586 0.19410236297676237
0 0.4497422680412371 0.2695852534562212 0.0908762886597938 0.1889400921658986
0 0.0 0.0 0.0 0.0
0 0.0 0.0 0.0 0.0
0 0.25 0.2903225806451613 0.10417525773195876 0.21658986175115208
0 0.45618556701030927 0.6094470046082949 0.04322164948453608 0.08986175115207373
0 0.7731958762886598 0.6221198156682027 0.031030927835051545 0.06451612903225806
0 0.5657216494845361 0.6324884792626728 0.021056701030927834 0.04377880184331797
0 0.8427835051546392 0.6278801843317973 0.025489690721649486 0.052995391705069124
0 0.0 0.0 0.0 0.0
0 0.18249436853614825 0.07258064516129033 0.04987113402061856 0.10368663594470046
