0 0.0 0.0 0.0 0.0
0 0.520618556701031 0.7187199725463281 0.16789948453608247 0.3490783410138249
0 0.0 0.0 0.0 0.0
0 0.0 0.0 0.0 0.0
0 0.0 0.0 0.0 0.0
0 0.3131443298969072 0.11290322580645161 0.05097938144329897 0.10599078341013825
0 0.3672680412371134 0.11490097068340034 0.05068463478833078 0.10537797823316014
0 0.0 0.0 0.0 0.0
0 0.0 0.0 0.0 0.0
0 0.0 0.0 0.0 0.0
0 0.0 0.0 0.0 0.0
0 0.3667727190516122 0.1923963133640553 0.0720360824742268 0.1497695852534562
0 0.2667525773195876 0.19930875576036866 0.06760309278350515 0.14055299539170507
0 0.211340206185567 0.22004608294930875 0.06981958762886598 0.14516129032258066
0 0.23195876288659795 0.1336405529953917 0.05984536082474226 0.12442396313364056
0 0.39835721567273386 0.05707177174232767 0.03495223733274841 0.07266888910677517
