0 0.034375 0.4510721409574468 0.05431227836879435 0.09473071808510643
0 0.17747054425837316 0.4578125 0.06629166666666667 0.115625
0 0.2140340909090909 0.46122839095744683 0.06595811170212768 0.11504321808510642
0 0.26119826555023923 0.4581033909574468 0.06237477836879435 0.10879321808510643
0 0.29791666666666666 0.4557596409574468 0.059687278368794346 0.10410571808510644
0 0.7552947235513024 0.43125 0.026875 0.046875
0 1.061501528442318 0.43593750000000003 0.03045833333333333 0.053125000000000006
0 0.7114583333333333 0.42890625000000004 0.022395833333333334 0.0390625
0 0.6979166666666666 0.43203125000000003 0.022395833333333334 0.0390625
0 0.07547016214779373 0.44918550531914897 0.05763829787234042 0.10053191489361701
0 0.7559592636895265 0.30556848404255305 0.03568085106382979 0.062234042553191496
