0 0.0 0.0 0.0 0.0
0 0.4420103092783505 0.4700460829493088 0.1551546391752577 0.3225806451612903
0 0.6932989690721649 0.48963133640552997 0.1606958762886598 0.33410138248847926
0 0.0 0.0 0.0 0.0
0 0.0 0.0 0.0 0.0
0 0.0 0.0 0.0 0.0
0 0.3118556701030928 0.14170506912442396 0.05873711340206185 0.12211981566820276
0 0.37757731958762886 0.14170506912442396 0.05873711340206185 0.12211981566820276
0 0.0 0.0 0.0 0.0
0 0.0 0.0 0.0 0.0
0 0.0 0.0 0.0 0.0
0 0.2667525773195876 0.26497695852534564 0.0908762886597938 0.1889400921658986
0 0.44072164948453607 0.25846651632512985 0.08201030927835051 0.17050691244239632
0 0.37371134020618557 0.2707373271889401 0.08533505154639175 0.1774193548387097
0 0.5077319587628866 0.2695852534562212 0.08422680412371134 0.17511520737327188
0 0.22164948453608246 0.09101382488479262 0.0454381443298969 0.0944700460829493
0 0.2615979381443299 0.07142857142857142 0.04876288659793814 0.10138248847926268
