0 0.3152032715260015 0.32123428175618074 0.07394234867860187 0.14506118570616652
0 0.3625165380511608 0.3124158387445406 0.07995641911102258 0.1630958708475841
0 0.8845123607982974 0.3110624633684996 0.09853262627137174 0.19643847461992048
0 1.169077093397745 0.3896097524154589 0.2568438003220605 0.37379227053140096
0 0.9708780806947688 0.3105939453680024 0.12257077649900504 0.2162920574026712
0 0.7690063390996495 0.3120793260691959 0.09817894820971867 0.2023391544117648
0 0.25147252439465934 0.3176904547560267 0.06268264533508129 0.12471059449595062
0 0.16657685032377506 0.32177629828640386 0.06578394258250558 0.1250415335975088
0 1.1935713295248316 0.30079061039313404 0.09639659535311745 0.1799397391130837
0 0.7063679312304629 0.30636779802500713 0.0428951169839916 0.107487922705314
0 0.7302140461208668 0.38632838878082604 0.20460543586006422 0.37507184668006643
0 0.7881293742702336 0.294451666403734 0.07521099017337995 0.18317936451292016
0 0.4383444713846298 0.3099092476679218 0.06340826253282295 0.1390137946480015
0 0.5051248371917373 0.3134781738308077 0.057386205479202874 0.12479631932633217
0 1.0756822605853935 0.30774249387254904 0.05799943165672102 0.1119392716325661
0 1.1545843397745572 0.36786799648183166 0.20628019323671498 0.32354547363999164
0 0.6466129763658188 0.30167042198539173 0.05958634583879991 0.15831260316606902
0 0.6930019514599314 0.30986529945141555 0.06156449068153738 0.1568387972546356
