0 0.378125 0.375 0.07345833333333333 0.12812500000000002
0 0.48854166666666665 0.37812500000000004 0.07525 0.13125
0 0.5875 0.36953125000000003 0.0456875 0.07968750000000001
0 0.64375 0.371875 0.050166666666666665 0.08750000000000001
0 0.6791666666666667 0.37109375 0.06002083333333333 0.1046875
0 0.73125 0.37812500000000004 0.05733333333333333 0.1
0 0.78125 0.37890625 0.11914583333333333 0.2078125
0 0.8624999999999999 0.41171875 0.18722916666666667 0.32656250000000003
0 0.9885416666666667 0.41640625000000003 0.2284375 0.3984375
0 1.1760416666666667 0.49531250000000004 0.16125 0.28125
