0 0.0 0.0 0.0 0.0
0 0.0 0.0 0.0 0.0
0 0.0 0.0 0.0 0.0
0 0.0 0.0 0.0 0.0
0 0.0 0.0 0.0 0.0
0 0.0 0.0 0.0 0.0
0 0.22551546391752578 0.08525345622119816 0.04432989690721649 0.09216589861751152
0 0.336340206185567 0.09101382488479262 0.047654639175257724 0.09907834101382489
0 0.0 0.0 0.0 0.0
0 0.0 0.0 0.0 0.0
0 0.0 0.0 0.0 0.0
0 0.0 0.0 0.0 0.0
0 0.0 0.0 0.0 0.0
0 0.0 0.0 0.0 0.0
0 0.0 0.0 0.0 0.0
0 0.25 0.1889400921658986 0.06871134020618556 0.14285714285714285
0 0.40047518045347674 0.05529953917050691 0.03324742268041237 0.06912442396313365
0 0.0 0.0 0.0 0.0
0 0.0 0.0 0.0 0.0
0 0.4652061855670103 0.4642857142857143 0.1540463917525773 0.32027649769585254
