0 0.09791666666666667 0.22226562500000002 0.05957291666666666 0.10390625
0 0.12864583333333332 0.21081698803191495 0.06105485372340421 0.10649102393617015
0 0.1984375 0.2131773603723405 0.06193162677304956 0.10802027925531901
0 0.21822916666666667 0.212890625 0.06405208333333333 0.11171875
0 0.25416666666666665 0.21589511303191494 0.06687777039007088 0.11664727393617014
0 0.29075458532695375 0.215625 0.07077083333333332 0.1234375
0 0.34010416666666665 0.215234375 0.07032291666666667 0.12265625000000001
0 0.403125 0.22068234707446815 0.061388408687943194 0.10707280585106371
0 0.4578125 0.21328125 0.06987499999999999 0.12187500000000001
0 0.48802083333333335 0.215234375 0.06226041666666666 0.10859375
0 0.365625 0.216796875 0.05867708333333333 0.10234375000000001
0 0.5234806951089845 0.22187500000000002 0.059125 0.10312500000000001
0 0.5567708333333333 0.190234375 0.04344791666666667 0.07578125000000001
0 0.605251528442318 0.19402011303191494 0.04179443705673755 0.07289727393617014
0 0.6427083333333333 0.19648437500000002 0.04971875 0.08671875000000001
0 0.1640625 0.205859375 0.05957291666666666 0.10390625
0 0.07282280037214248 0.11608211436170222 0.04025531914893615 0.07021276595744678
