0 0.3234536082474227 0.5092165898617511 0.14628865979381442 0.30414746543778803
0 0.27190721649484534 0.11981566820276497 0.05984536082474226 0.12442396313364056
0 0.3595360824742268 0.11981566820276497 0.06206185567010309 0.12903225806451613
0 0.35695876288659795 0.2903225806451613 0.08644329896907216 0.17972350230414746
0 0.25257731958762886 0.29147465437788017 0.09198453608247421 0.1912442396313364
0 0.5373711340206185 0.46889400921658986 0.15847938144329898 0.3294930875576037
0 0.44072164948453607 0.648987645847632 0.18100038385610873 0.3763163055201489
0 0.6262886597938144 0.6567972350230415 0.18629639175257737 0.3873271889400922
0 0.0 0.0 0.0 0.0
0 0.0 0.0 0.0 0.0
0 0.0 0.0 0.0 0.0
0 0.0 0.0 0.0 0.0
0 0.0 0.0 0.0 0.0
0 0.0 0.0 0.0 0.0
0 0.0 0.0 0.0 0.0
0 0.0 0.0 0.0 0.0
0 0.2401860438349858 0.0478110599078341 0.044884020618556696 0.09331797235023041
