0 0.19375 0.37812500000000004 0.10033333333333333 0.17500000000000002
0 0.35625 0.38984375000000004 0.12272916666666665 0.21406250000000002
0 0.43854166666666666 0.384375 0.09854166666666667 0.171875
0 0.75625 0.4 0.13616666666666666 0.23750000000000002
0 0.8333333333333334 0.37812500000000004 0.09674999999999999 0.16875
0 1.0520833333333333 0.40468750000000003 0.13079166666666667 0.22812500000000002
0 1.120574162679426 0.4045046542553193 0.11253191489361705 0.19627659574468093
0 1.2219181951089846 0.39663397606382994 0.11240802304964545 0.19606050531914906
0 0.24791666666666667 0.37421875000000004 0.058229166666666665 0.1015625
0 0.6395833333333333 0.3828125 0.043000000000000003 0.07500000000000001
0 0.6794042397660819 0.3789727393617023 0.043000000000000003 0.07500000000000001
