0 0.32216494845360827 0.45161290322580644 0.1352061855670103 0.28110599078341014
0 0.28350515463917525 0.11059907834101382 0.05762886597938144 0.11981566820276497
0 0.3492268041237113 0.11405529953917051 0.05652061855670103 0.1175115207373272
0 0.36211340206185566 0.27276938915579957 0.08728981136214083 0.18148347877242868
0 0.24871134020618557 0.2684331797235023 0.08976804123711339 0.18663594470046083
0 0.6832209095841759 0.5345205412295323 0.1794959969291511 0.37318854789685263
0 0.422680412371134 0.7102534562211982 0.1778737113402062 0.36981566820276496
0 0.6354438991104753 0.7171658986175116 0.17122422680412372 0.35599078341013823
0 0.0 0.0 0.0 0.0
0 0.0 0.0 0.0 0.0
0 0.0 0.0 0.0 0.0
0 0.0 0.0 0.0 0.0
0 0.0 0.0 0.0 0.0
0 0.0 0.0 0.0 0.0
0 0.0 0.0 0.0 0.0
0 0.0 0.0 0.0 0.0
