0 0.17395833333333333 0.4078125 0.263375 0.45937500000000003
0 0.24583333333333332 0.384375 0.11108333333333333 0.19375
0 0.32916666666666666 0.36640625000000004 0.06897916666666666 0.1203125
0 0.390625 0.37031250000000004 0.050166666666666665 0.08750000000000001
0 0.4458765284423179 0.371875 0.043000000000000003 0.07500000000000001
0 0.484375 0.37265625 0.043895833333333335 0.0765625
0 0.5239583333333333 0.375 0.04120833333333333 0.07187500000000001
0 0.5864583333333333 0.37578125 0.058229166666666665 0.1015625
0 0.6302083333333334 0.36953125000000003 0.0510625 0.0890625
0 0.6666666666666666 0.37578125 0.0671875 0.1171875
0 0.7812931951089845 0.38906250000000003 0.07704166666666666 0.134375
0 1.253125 0.41015625 0.23202083333333334 0.40468750000000003
