0 0.0 0.0 0.0 0.0
0 0.0 0.0 0.0 0.0
0 0.0 0.0 0.0 0.0
0 0.0 0.0 0.0 0.0
0 0.0 0.0 0.0 0.0
0 0.0 0.0 0.0 0.0
0 0.16969306466729145 0.08179723502304148 0.041005154639175256 0.08525345622119816
0 0.36082474226804123 0.08294930875576037 0.04432989690721649 0.09216589861751152
0 0.0 0.0 0.0 0.0
0 0.0 0.0 0.0 0.0
0 0.0 0.0 0.0 0.0
0 0.0 0.0 0.0 0.0
0 0.0 0.0 0.0 0.0
0 0.0 0.0 0.0 0.0
0 0.0 0.0 0.0 0.0
0 0.0 0.0 0.0 0.0
0 0.4027544846182936 0.05529953917050691 0.03324742268041237 0.06912442396313365
0 0.0 0.0 0.0 0.0
0 0.30412371134020616 0.29493087557603687 0.09309278350515462 0.1935483870967742
0 0.7177835051546392 0.6021693303265025 0.18029299188418507 0.3748455730954014
