0 0.0 0.0 0.0 0.0
0 0.3170103092783505 0.25921658986175117 0.09641752577319587 0.20046082949308755
0 0.5077319587628866 0.26036866359447003 0.09974226804123712 0.2073732718894009
0 0.0 0.0 0.0 0.0
0 0.0 0.0 0.0 0.0
0 0.0 0.0 0.0 0.0
0 0.3634020618556701 0.22004608294930875 0.07868556701030928 0.16359447004608296
0 0.42912371134020616 0.21889400921658986 0.07536082474226803 0.15668202764976957
0 0.0 0.0 0.0 0.0
0 0.0 0.0 0.0 0.0
0 0.21262886597938144 0.21889400921658986 0.08644329896907216 0.17972350230414746
0 0.3518041237113402 0.5469923521913913 0.1693284163193683 0.3520492205118149
0 0.6056701030927835 0.5539047945877047 0.16267893178328582 0.3382243357191882
0 0.4587628865979381 0.5621703108147857 0.1528980587848212 0.3178890087263457
0 0.7126288659793815 0.5652245318168447 0.15361959859618338 0.31938915579958815
0 0.23195876288659795 0.06543043435630944 0.045209420925641584 0.09399450926561426
