0 0.0 0.0 0.0 0.0
0 0.5257731958762887 0.7171658986175116 0.17122422680412372 0.35599078341013823
0 0.8208762886597938 0.7298387096774194 0.15903350515463915 0.33064516129032256
0 0.0 0.0 0.0 0.0
0 0.0 0.0 0.0 0.0
0 0.0 0.0 0.0 0.0
0 0.31958762886597936 0.11405529953917051 0.05208762886597938 0.10829493087557604
0 0.3685567010309278 0.11394989704873032 0.049769741171309535 0.10347583096382007
0 0.0 0.0 0.0 0.0
0 0.0 0.0 0.0 0.0
0 0.0 0.0 0.0 0.0
0 0.0 0.0 0.0 0.0
0 0.3672680412371134 0.19930875576036866 0.06981958762886598 0.14516129032258066
0 0.27319587628865977 0.20161290322580644 0.06981958762886598 0.14516129032258066
0 0.2268041237113402 0.22004608294930875 0.06981958762886598 0.14516129032258066
0 0.23195876288659795 0.1336405529953917 0.05984536082474226 0.12442396313364056
0 0.3965732336934181 0.058973919011667805 0.03678202456679096 0.07647318364545543
