0 0.0 0.0 0.0 0.0
0 0.2744845360824742 0.15898617511520738 0.06871134020618556 0.14285714285714285
0 0.3788659793814433 0.16129032258064516 0.07092783505154639 0.14746543778801843
0 0.4097938144329897 0.4700460829493088 0.126340206185567 0.2626728110599078
0 0.2706185567010309 0.4735023041474654 0.13853092783505155 0.2880184331797235
0 0.26288659793814434 0.33284880870673594 0.11183631278789209 0.23251789391116778
0 0.5077319587628866 0.39631336405529954 0.11969072164948452 0.2488479262672811
0 0.6108247422680412 0.3911339346994803 0.11249182934854132 0.23388077262476709
0 0.6010631957118663 0.6998259633297381 0.14124495503399864 0.2936611432493381
0 0.6237113402061856 0.5590082361015786 0.17423771660451853 0.36225610353956267
0 0.0 0.0 0.0 0.0
0 0.0 0.0 0.0 0.0
0 0.0 0.0 0.0 0.0
0 0.0 0.0 0.0 0.0
0 0.0 0.0 0.0 0.0
0 0.33505154639175255 0.06566820276497695 0.04322164948453608 0.08986175115207373
