0 0.03958333333333333 0.42812500000000003 0.166625 0.290625
0 0.28854166666666664 0.38515625000000003 0.04927083333333333 0.0859375
0 0.35 0.38828125 0.0456875 0.07968750000000001
0 0.38029509735513023 0.38203125000000004 0.04927083333333333 0.0859375
0 0.4622089064992026 0.41484375 0.2123125 0.37031250000000004
0 0.673182374734184 0.39453125 0.20872916666666666 0.3640625
0 1.111415138224349 0.3885056515957447 0.07588851950354612 0.13236369680851068
0 1.1770833333333333 0.38671875 0.08152083333333333 0.1421875
0 0.23283326687931946 0.3829621010638298 0.03659574468085105 0.06382978723404253
0 0.10843135300372142 0.3821642287234043 0.037510638297872316 0.06542553191489357
