0 0.0 0.0 0.0 0.0
0 0.0 0.0 0.0 0.0
0 0.0 0.0 0.0 0.0
0 0.7512886597938144 0.1948205706441808 0.04333719017328361 0.09010197078144916
0 0.0 0.0 0.0 0.0
0 0.0 0.0 0.0 0.0
0 0.0 0.0 0.0 0.0
0 0.8728429849224748 0.3044685753505245 0.06396945602105729 0.1329983331699187
0 0.857600009865338 0.3387096774193548 0.07092783505154639 0.14746543778801843
0 0.09020618556701031 0.3122119815668203 0.054304123711340205 0.11290322580645161
0 0.0 0.0 0.0 0.0
0 0.0 0.0 0.0 0.0
0 0.059278350515463915 0.3225806451612903 0.055412371134020616 0.1152073732718894
