0 0.05625 0.38671875 0.16572916666666665 0.2890625
0 0.178125 0.38593750000000004 0.15766666666666665 0.275
0 0.24166666666666667 0.38515625000000003 0.11377083333333333 0.19843750000000002
0 0.35833333333333334 0.37812500000000004 0.05733333333333333 0.1
0 0.421875 0.39296875000000003 0.10839583333333333 0.18906250000000002
0 0.471875 0.36328125 0.043895833333333335 0.0765625
0 0.571875 0.3765625 0.04479166666666667 0.078125
0 0.5261712519936204 0.37421875000000004 0.042104166666666665 0.0734375
0 1.2864583333333333 0.37812500000000004 0.05554166666666666 0.096875
0 0.7114583333333333 0.375 0.03583333333333333 0.0625
