0 0.0 0.0 0.0 0.0
0 0.0 0.0 0.0 0.0
0 0.0 0.0 0.0 0.0
0 0.0 0.0 0.0 0.0
0 0.0 0.0 0.0 0.0
0 0.0 0.0 0.0 0.0
0 0.2461340206185567 0.09101382488479262 0.0454381443298969 0.0944700460829493
0 0.3324742268041237 0.0944700460829493 0.04654639175257731 0.0967741935483871
0 0.0 0.0 0.0 0.0
0 0.0 0.0 0.0 0.0
0 0.0 0.0 0.0 0.0
0 0.0 0.0 0.0 0.0
0 0.16602644732731545 0.20506912442396313 0.07757731958762885 0.16129032258064516
0 0.0 0.0 0.0 0.0
0 0.0 0.0 0.0 0.0
0 0.2384020618556701 0.17050691244239632 0.06427835051546392 0.1336405529953917
0 0.4000425442707048 0.056451612903225805 0.03435567010309278 0.07142857142857142
0 0.0 0.0 0.0 0.0
0 0.0 0.0 0.0 0.0
0 0.3711340206185567 0.4066820276497696 0.14074742268041238 0.2926267281105991
