0 0.0 0.0 0.0 0.0
0 0.0 0.0 0.0 0.0
0 0.0 0.0 0.0 0.0
0 0.0 0.0 0.0 0.0
0 0.0 0.0 0.0 0.0
0 0.0 0.0 0.0 0.0
0 0.0 0.0 0.0 0.0
0 0.41867570167217477 0.3099078341013825 0.0631701030927835 0.1313364055299539
0 0.3591414689488482 0.3387096774193548 0.07092783505154639 0.14746543778801843
0 0.5979381443298969 0.30184331797235026 0.05762886597938144 0.11981566820276497
0 0.5798969072164948 0.37557603686635943 0.06427835051546392 0.1336405529953917
0 0.556852093918019 0.358294930875576 0.06760309278350515 0.14055299539170507
