0 0.5 0.375 0.06270833333333332 0.109375
0 0.553125 0.38515625000000003 0.07077083333333332 0.1234375
0 0.6135416666666667 0.375 0.03941666666666666 0.06875
0 0.64375 0.37890625 0.0510625 0.0890625
0 0.6791666666666667 0.37734375000000003 0.04927083333333333 0.0859375
0 0.8624999999999999 0.38046875 0.07972916666666666 0.1390625
0 0.90625 0.3765625 0.08420833333333333 0.146875
0 1.071875 0.4078125 0.2562083333333333 0.446875
0 1.1666666666666667 0.38828125 0.07435416666666667 0.1296875
0 1.2906266115098353 0.43281250000000004 0.220375 0.384375
