0 0.2635416666666667 0.446875 0.05733333333333333 0.1
0 0.44895833333333335 0.456607380319149 0.05334020390070919 0.09303523936170209
0 0.6552083333333333 0.453125 0.05733333333333333 0.1
0 0.8114583333333333 0.44921875 0.0510625 0.0890625
0 0.8781249999999999 0.44609375 0.0510625 0.0890625
0 1.0432184592636895 0.45078125 0.0456875 0.07968750000000001
0 0.9072916666666666 0.45 0.043000000000000003 0.07500000000000001
0 0.69375 0.44375000000000003 0.05554166666666666 0.096875
0 0.6245745032562466 0.45034075797872347 0.04798426418439713 0.08369348404255313
0 1.1063795853269536 0.45234375000000004 0.0510625 0.0890625
0 1.13125 0.4432762632978724 0.04354321808510632 0.07594747340425521
0 1.2742606990962253 0.44765625000000003 0.04747916666666666 0.08281250000000001
0 1.29375 0.45078125 0.043895833333333335 0.0765625
0 1.0666666666666667 0.45266788563829796 0.052482491134751716 0.09153922872340417
0 0.7580857921318447 0.3079621010638298 0.03842553191489363 0.06702127659574471
