0 0.2688992446393762 0.2439065214244354 0.14881104033970277 0.2831499710480603
0 0.30203764619883045 0.19613582078749267 0.13511677282377926 0.2570932252460916
0 0.3995035331384016 0.21611265923566872 0.1415074309978769 0.269253039953677
0 0.4160727339181287 0.1839760060799073 0.12963906581740975 0.246670526925304
0 0.4755269249512671 0.19266158801389688 0.13876857749469212 0.26404169079328316
0 0.5457023635477584 0.20221572814128544 0.14881104033970277 0.2831499710480603
0 0.6236750730994153 0.21176986826867397 0.13511677282377915 0.25709322524609146
0 0.6870278996101365 0.21176986826867397 0.13329087048832272 0.25361899247249564
0 0.8006335202286718 0.2052556818181818 0.12566901408450712 0.23911651728553154
0 0.9086663551744356 0.30320702624839957 0.2225704225352113 0.42349551856594125
