0 0.2338115253411306 0.23118397887323947 0.12566901408450706 0.23911651728553146
0 0.29110552257402517 0.2571122759282971 0.1347535211267606 0.2564020486555698
0 0.3185168389035473 0.20957706466069145 0.13323943661971827 0.25352112676056326
0 0.33947843374377007 0.31329025288092194 0.14535211267605638 0.2765685019206147
0 0.16856081427733802 0.22974351792573625 0.12112676056338034 0.23047375160051226
0 0.16533595353268835 0.1966129161331626 0.12264084507042256 0.23335467349551864
0 0.44043920565302147 0.22875664893617023 0.1271702127659575 0.24197292069632503
0 0.09053667153996102 0.23833111702127663 0.11161702127659577 0.2123791102514507
0 0.4969694200779728 0.33146457930367507 0.14912765957446808 0.283752417794971
0 0.9609070419103314 0.4768224129593811 0.16651063829787235 0.3168278529980659
0 1.053499634502924 0.4785632253384914 0.16285106382978726 0.3098646034816248
