0 0.0 0.0 0.0 0.0
0 0.27190721649484534 0.16129032258064516 0.06871134020618556 0.14285714285714285
0 0.38788659793814434 0.16359447004608296 0.07314432989690721 0.15207373271889402
0 0.4252577319587629 0.48502304147465436 0.12966494845360826 0.2695852534562212
0 0.27190721649484534 0.49193548387096775 0.1429639175257732 0.29723502304147464
0 0.24742268041237114 0.33149573487596823 0.11496770125027417 0.23902833611138344
0 0.5 0.3836405529953917 0.11636597938144329 0.24193548387096775
0 0.5966494845360825 0.38272134522992446 0.11326524457117787 0.2354887734091577
0 0.0 0.0 0.0 0.0
0 0.5976822621220342 0.5345744680851063 0.16663561087957876 0.3464506324149425
0 0.0 0.0 0.0 0.0
0 0.0 0.0 0.0 0.0
0 0.0 0.0 0.0 0.0
0 0.0 0.0 0.0 0.0
0 0.0 0.0 0.0 0.0
0 0.33118556701030927 0.06566820276497695 0.04322164948453608 0.08986175115207373
