0 0.0 0.0 0.0 0.0
0 0.0 0.0 0.0 0.0
0 0.0 0.0 0.0 0.0
0 0.0 0.0 0.0 0.0
0 0.0 0.0 0.0 0.0
0 0.0 0.0 0.0 0.0
0 0.2012128200069057 0.07949308755760369 0.04322164948453608 0.08986175115207373
0 0.3543814432989691 0.08525345622119816 0.04654639175257731 0.0967741935483871
0 0.0 0.0 0.0 0.0
0 0.0 0.0 0.0 0.0
0 0.0 0.0 0.0 0.0
0 0.0 0.0 0.0 0.0
0 0.0 0.0 0.0 0.0
0 0.0 0.0 0.0 0.0
0 0.0 0.0 0.0 0.0
0 0.1642424653479998 0.2108294930875576 0.07425257731958762 0.1543778801843318
0 0.4045384665976092 0.05339739190116671 0.03324742268041237 0.06912442396313365
0 0.0 0.0 0.0 0.0
0 0.26417525773195877 0.3052995391705069 0.09420103092783504 0.195852534562212
0 0.6623711340206185 0.5824909304833807 0.1790951414783944 0.3723551328561624
