0 0.30283505154639173 0.5651166781056967 0.1756807962272428 0.3652563976860476
0 0.2693298969072165 0.12442396313364056 0.05984536082474226 0.12442396313364056
0 0.3646907216494845 0.12557603686635946 0.06095360824742268 0.12672811059907835
0 0.360788774889426 0.31838170408863614 0.10013604957227464 0.20819197960584376
0 0.259020618556701 0.3076036866359447 0.0986340206185567 0.20506912442396313
0 0.422680412371134 0.44519805863319933 0.15563330774292608 0.3235758407687028
0 0.42333090810437524 0.6035763310128444 0.16613100460627328 0.345401509951956
0 0.6354942534405366 0.6096308461613884 0.1786046830445273 0.3713354250416708
0 0.0 0.0 0.0 0.0
0 0.0 0.0 0.0 0.0
0 0.0 0.0 0.0 0.0
0 0.0 0.0 0.0 0.0
0 0.0 0.0 0.0 0.0
0 0.0 0.0 0.0 0.0
0 0.0 0.0 0.0 0.0
0 0.0 0.0 0.0 0.0
0 0.24046042355185054 0.048963133640553 0.04599226804123711 0.0956221198156682
