0 0.04508160542493566 0.4282112236251221 0.07023146812990005 0.5194726233065826
0 0.5712278064909542 0.31242795804916174 0.0787687523680973 0.17092546710713272
0 0.6480709506907552 0.3116356366264455 0.10073161673625203 0.1731952095219359
0 0.9418344145902996 0.3030429758860067 0.10799349139376394 0.20206052602200297
0 0.1580322890025576 0.32490997531258886 0.041867954911433386 0.07801022129866438
0 0.5089483507597412 0.3150971407318257 0.07561969267672969 0.1650837418300654
0 0.4535173339372671 0.31796294291639127 0.07449384877131054 0.15531129127789872
0 0.3687039166730146 0.31930045184638517 0.07649800830578884 0.16178377094722368
0 0.44086068485365154 0.3190570089750875 0.0428951169839916 0.10748792270531392
0 0.26665292436235716 0.37258076690821246 0.1266490765171504 0.32765700483091786
0 0.18584156084692366 0.37069529125128625 0.09290391338973655 0.316479056835398
0 0.7199921292123084 0.3038621879457303 0.07531781579198338 0.16993170059871843
0 0.7861101046698874 0.30850467995169084 0.07527375201288275 0.1610990338164251
0 0.8771535245198493 0.389017979873824 0.22891676759730567 0.4148232901093314
0 0.8827135977951193 0.36826777917131165 0.10789049919484672 0.4082125603864734
0 1.1712500583042214 0.30548932708600995 0.05770624065631319 0.13300161909480623
0 0.9289368356994565 0.3066045823786941 0.09411705750134125 0.20463768115942016
0 0.9913640090698111 0.3084987967107133 0.08574248721227622 0.19734934462915607
