0 0.3486748238968634 0.40468750000000003 0.20604166666666665 0.359375
0 0.46458333333333335 0.37734375000000003 0.06897916666666666 0.1203125
0 0.5125 0.37421875000000004 0.0403125 0.0703125
0 0.6010416666666667 0.37343750000000003 0.043000000000000003 0.07500000000000001
0 0.6572916666666666 0.3796875 0.04479166666666667 0.078125
0 0.7145833333333333 0.37890625 0.043895833333333335 0.0765625
0 0.7427083333333333 0.3796875 0.04479166666666667 0.078125
0 0.8250431951089845 0.3875 0.06987499999999999 0.12187500000000001
0 0.9635416666666666 0.38125000000000003 0.05733333333333333 0.1
0 1.0635416666666666 0.4 0.145125 0.253125
0 1.1802083333333333 0.41171875 0.26068749999999996 0.4546875
0 1.2673893540669856 0.40610039893617034 0.11619148936170214 0.20265957446808514
