0 0.0 0.0 0.0 0.0
0 0.0 0.0 0.0 0.0
0 0.0 0.0 0.0 0.0
0 0.0 0.0 0.0 0.0
0 0.0 0.0 0.0 0.0
0 0.0 0.0 0.0 0.0
0 0.0 0.0 0.0 0.0
0 0.3485341751755208 0.31331012844396505 0.0631701030927835 0.1313364055299539
0 0.2822164948453608 0.33755760368663595 0.0720360824742268 0.1497695852534562
0 0.6868556701030928 0.3052995391705069 0.05652061855670103 0.1175115207373272
0 0.6713917525773195 0.3721198156682028 0.0631701030927835 0.1313364055299539
0 0.6456627451947582 0.3444700460829493 0.06538659793814433 0.1359447004608295
