0 0.296875 0.40625 0.09316666666666666 0.1625
0 0.45416666666666666 0.39765625000000004 0.07614583333333333 0.1328125
0 0.5395833333333333 0.39921875 0.11197916666666667 0.1953125
0 0.6572484715576822 0.3919464760638298 0.04506804078014186 0.07860704787234046
0 0.7166666666666667 0.39609375 0.0510625 0.0890625
0 0.921875 0.39140625 0.04927083333333333 0.0859375
0 0.9635416666666666 0.38515625000000003 0.04927083333333333 0.0859375
0 1.0864583333333333 0.42265625 0.07435416666666667 0.1296875
0 1.1170411184210527 0.40468750000000003 0.091375 0.15937500000000002
0 1.2614583333333333 0.4005152925531915 0.13174468085106378 0.22978723404255313
0 1.2976923843700159 0.3872091090425532 0.13112522163120569 0.2287067819148937
