0 1.2333333333333334 0.403125 0.12004166666666666 0.209375
0 1.0833333333333333 0.4078125 0.129 0.225
0 0.8416666666666667 0.3921875 0.09674999999999999 0.16875
0 0.7708333333333334 0.40546875000000004 0.1316875 0.22968750000000002
0 0.4458333333333333 0.39375000000000004 0.091375 0.15937500000000002
0 0.35 0.3921875 0.13079166666666667 0.22812500000000002
0 0.19166666666666665 0.38203125000000004 0.1048125 0.18281250000000002
0 0.25729166666666664 0.3828125 0.06091666666666666 0.10625000000000001
0 0.64375 0.38671875 0.043895833333333335 0.0765625
0 1.1174690988835725 0.4076961436170214 0.10887234042553197 0.18989361702127672
