0 0.0 0.0 0.0 0.0
0 0.2744845360824742 0.1693548387096774 0.07425257731958762 0.1543778801843318
0 0.4020618556701031 0.17050691244239632 0.07536082474226803 0.15668202764976957
0 0.4230349479603413 0.5520565741739386 0.14981854573371348 0.31148642023727807
0 0.2770618556701031 0.5501005000490244 0.15901935731520073 0.3306157466418277
0 0.14948453608247422 0.4055299539170507 0.017731958762886597 0.03686635944700461
0 0.4780927835051546 0.356586430042161 0.10363999780653653 0.21547700754975982
0 0.5760309278350515 0.358294930875576 0.10306701030927835 0.21428571428571427
0 0.0 0.0 0.0 0.0
0 0.0 0.0 0.0 0.0
0 0.5128865979381443 0.4642857142857143 0.14739690721649484 0.3064516129032258
0 0.0 0.0 0.0 0.0
0 0.0 0.0 0.0 0.0
0 0.0 0.0 0.0 0.0
0 0.0 0.0 0.0 0.0
0 0.0 0.0 0.0 0.0
0 0.3286082474226804 0.06682027649769585 0.04432989690721649 0.09216589861751152
