0 0.0 0.0 0.0 0.0
0 0.2706185567010309 0.16589861751152074 0.07092783505154639 0.14746543778801843
0 0.38917525773195877 0.16705069124423963 0.07425257731958762 0.1543778801843318
0 0.4272975961459412 0.5242205118148838 0.1363403706953279 0.28346406510442196
0 0.26417525773195877 0.5336773213060103 0.15651990568107035 0.325419158741053
0 0.18814432989690721 0.326036866359447 0.11636597938144329 0.24193548387096775
0 0.5025773195876289 0.3686635944700461 0.11082474226804123 0.2304147465437788
0 0.5904476808234269 0.3724066084910285 0.11220887255977184 0.23329247965486807
0 0.0 0.0 0.0 0.0
0 0.0 0.0 0.0 0.0
0 0.5657216494845361 0.4942396313364055 0.1518298969072165 0.315668202764977
0 0.0 0.0 0.0 0.0
0 0.0 0.0 0.0 0.0
0 0.0 0.0 0.0 0.0
0 0.0 0.0 0.0 0.0
0 0.0 0.0 0.0 0.0
0 0.3286082474226804 0.06682027649769585 0.04432989690721649 0.09216589861751152
