0 0.8231050583157596 0.45038512323943664 0.34597374899739414 0.6007922535211269
0 0.35251955765562704 0.31624289167247926 0.06927515241933418 0.13915780244904283
0 0.4002871451964265 0.3152055487723717 0.07378561441581492 0.1436335151349681
0 0.5341946311597392 0.3106311189223142 0.07318498467256933 0.1666845694799658
0 0.18290565501562947 0.3243222479947039 0.04186795491143324 0.07683476666289445
0 0.270321483061263 0.3164550547412298 0.062314863367940274 0.1328167012120122
0 0.7930473308586721 0.31877405297999256 0.11073096346026313 0.18797298709181215
0 0.7218819520561847 0.3150927554514678 0.11408969223760389 0.20785041904875518
0 0.21830762940684073 0.32763898586908513 0.05230257357495202 0.10043424978687128
0 0.9229277682346028 0.36977642551053613 0.13351895663704016 0.3214440794922556
0 0.9441928294646109 0.3653440515818265 0.12318448908930459 0.3331111104100298
0 1.0683274208816607 0.31257197784962126 0.10216740077673592 0.1997850951974993
0 1.1655018440665097 0.3108344319611902 0.09085044283413808 0.18970259661835734
0 1.2825757199014869 0.308609512645638 0.06763285024154583 0.16304347826086954
