0 0.19270833333333334 0.38828125 0.15497916666666667 0.2703125
0 0.25104166666666666 0.38828125 0.17110416666666667 0.2984375
0 0.41354166666666664 0.37109375 0.04927083333333333 0.0859375
0 0.45625 0.371875 0.05375 0.09375
0 0.5197916666666667 0.390625 0.03225 0.05625
0 0.553125 0.375 0.05375 0.09375
0 0.6166666666666667 0.375 0.06091666666666666 0.10625000000000001
0 0.665625 0.39296875000000003 0.0403125 0.0703125
0 0.7739583333333333 0.375 0.05375 0.09375
0 0.7958333333333333 0.3765625 0.05554166666666666 0.096875
0 0.8708333333333333 0.37343750000000003 0.05554166666666666 0.096875
