0 0.440625 0.39609375 0.07435416666666667 0.1296875
0 0.4979166666666667 0.39765625000000004 0.04927083333333333 0.0859375
0 0.5729166666666666 0.40859375000000003 0.07614583333333333 0.1328125
0 0.6 0.40703125 0.07793749999999999 0.13593750000000002
0 0.64375 0.41953125 0.043895833333333335 0.0765625
0 0.6916666666666667 0.403125 0.06270833333333332 0.109375
0 0.7447916666666666 0.40468750000000003 0.07525 0.13125
0 0.7958333333333333 0.3953125 0.05733333333333333 0.1
0 0.8104166666666667 0.42812500000000003 0.05375 0.09375
0 1.0854166666666667 0.403125 0.10033333333333333 0.17500000000000002
0 1.1395833333333334 0.40156250000000004 0.091375 0.15937500000000002
0 1.225 0.40937500000000004 0.09316666666666666 0.1625
