0 0.23333333333333334 0.36796875 0.08152083333333333 0.1421875
0 0.5270833333333333 0.37890625 0.08152083333333333 0.1421875
0 0.6354166666666666 0.38203125000000004 0.08510416666666668 0.1484375
0 0.7479166666666667 0.38984375000000004 0.08689583333333334 0.15156250000000002
0 0.8312499999999999 0.38515625000000003 0.0510625 0.0890625
0 1.1354166666666667 0.40156250000000004 0.11645833333333333 0.203125
0 0.31875 0.37343750000000003 0.06091666666666666 0.10625000000000001
0 0.46249999999999997 0.371875 0.05554166666666666 0.096875
0 0.38958333333333334 0.371875 0.051958333333333336 0.09062500000000001
0 0.8916666666666666 0.3953125 0.07166666666666666 0.125
0 1.2110363503455606 0.398121675531915 0.10887234042553189 0.18989361702127658
