0 0.0 0.0 0.0 0.0
0 0.2835760617570167 0.21578341013824887 0.09453350515463918 0.19654377880184334
0 0.4639175257731959 0.20276497695852536 0.08201030927835051 0.17050691244239632
0 0.3853092783505155 0.6405529953917051 0.013298969072164948 0.027649769585253454
0 0.27963917525773196 0.6440092165898618 0.009974226804123711 0.020737327188940093
0 0.0 0.0 0.0 0.0
0 0.3853092783505155 0.2868663594470046 0.09420103092783504 0.195852534562212
0 0.4845360824742268 0.2903225806451613 0.09752577319587628 0.20276497695852536
0 0.0 0.0 0.0 0.0
0 0.0 0.0 0.0 0.0
0 0.2654639175257732 0.32373271889400923 0.1075 0.22350230414746544
0 0.5438144329896907 0.652073732718894 0.0022164948453608246 0.004608294930875576
0 0.0 0.0 0.0 0.0
0 0.0 0.0 0.0 0.0
0 0.0 0.0 0.0 0.0
0 0.0 0.0 0.0 0.0
0 0.2345360824742268 0.07142857142857142 0.04876288659793814 0.10138248847926268
