0 0.17293779073631044 0.41953125 0.3018958333333333 0.5265625
0 0.24166666666666664 0.3984375 0.20425 0.35625
0 0.36041666666666666 0.38906250000000003 0.08420833333333333 0.146875
0 0.43758639021796913 0.38203125000000004 0.0456875 0.07968750000000001
0 0.5458333333333333 0.38203125000000004 0.0403125 0.0703125
0 0.609375 0.3828125 0.05375 0.09375
0 0.6625 0.38203125000000004 0.0456875 0.07968750000000001
0 0.703125 0.38203125000000004 0.05464583333333333 0.09531250000000001
0 0.7895833333333333 0.39609375 0.07435416666666667 0.1296875
0 0.8416666666666667 0.38593750000000004 0.048374999999999994 0.084375
0 1.1270833333333332 0.4078125 0.18454166666666666 0.321875
0 0.4875 0.38203125000000004 0.0403125 0.0703125
0 1.2152894072301965 0.40530252659574484 0.11527659574468087 0.20106382978723408
