0 0.221875 0.41015625 0.09047916666666667 0.15781250000000002
0 0.3958333333333333 0.403125 0.0645 0.1125
0 0.45625 0.4018367686170213 0.08568550531914895 0.14945146276595747
0 0.6385848617756512 0.40534408244680853 0.043962544326241165 0.07667885638297878
0 0.8620998886895268 0.39354222074468087 0.04459153368794325 0.07777593085106381
0 0.9012576422115895 0.4225814494680852 0.06189827127659568 0.1079621010638297
0 0.95 0.41171875 0.07793749999999999 0.13593750000000002
0 1.2619804292929293 0.4078706781914894 0.11456183510638296 0.19981715425531915
0 1.2797553196791542 0.3976146941489362 0.11561015070921987 0.2016456117021277
0 0.5833333333333334 0.390625 0.04120833333333333 0.07187500000000001
0 0.29450259170653903 0.40290890957446807 0.050319148936170205 0.08776595744680851
