0 0.0 0.0 0.0 0.0
0 0.3711340206185567 0.3640552995391705 0.12412371134020618 0.25806451612903225
0 0.5811855670103092 0.3675115207373272 0.12744845360824741 0.26497695852534564
0 0.0 0.0 0.0 0.0
0 0.0 0.0 0.0 0.0
0 0.0 0.0 0.0 0.0
0 0.28865979381443296 0.1693548387096774 0.06538659793814433 0.1359447004608295
0 0.3788659793814433 0.17050691244239632 0.06427835051546392 0.1336405529953917
0 0.0 0.0 0.0 0.0
0 0.0 0.0 0.0 0.0
0 0.0 0.0 0.0 0.0
0 0.27963917525773196 0.3456221198156682 0.10860824742268041 0.22580645161290322
0 0.6469072164948454 0.3513824884792627 0.11193298969072164 0.23271889400921658
0 0.48195876288659795 0.3490783410138249 0.10306701030927835 0.21428571428571427
0 0.711340206185567 0.35023041474654376 0.09974226804123712 0.2073732718894009
0 0.23969072164948454 0.0748847926267281 0.03878865979381443 0.08064516129032258
