0 0.13645833333333332 0.38609541223404253 0.08227371453900709 0.143500664893617
0 0.34791666666666665 0.37343750000000003 0.05375 0.09375
0 0.38125 0.37597240691489364 0.06517664007092198 0.11368018617021276
0 0.7052083333333333 0.39333444148936175 0.048489361702127684 0.08457446808510644
0 0.7427083333333333 0.3831200132978723 0.060564051418439756 0.10563497340425539
0 1.2537863269275906 0.3781166888297873 0.0895928634751773 0.15626662234042554
0 1.2983432682083997 0.3859707446808511 0.09316666666666666 0.1625
0 0.5656681951089846 0.3762217420212766 0.03801573581560282 0.06630651595744678
0 0.2732373072833599 0.37737699468085106 0.043000000000000003 0.07500000000000001
0 0.8378306087187666 0.3701961436170213 0.043914893617021264 0.07659574468085105
0 0.8059326820839979 0.3725897606382979 0.04117021276595742 0.07180851063829784
0 0.5007758506113769 0.3701961436170213 0.03659574468085105 0.06382978723404253
0 0.23708632376395533 0.37897273936170217 0.04117021276595742 0.07180851063829784
