0 0.06783333333333334 0.37812500000000004 0.1505 0.2625
0 0.21145833333333333 0.37421875000000004 0.0994375 0.17343750000000002
0 0.31979166666666664 0.3765625 0.059125 0.10312500000000001
0 0.3697916666666667 0.38046875 0.1155625 0.2015625
0 0.45208333333333334 0.38828125 0.08152083333333333 0.1421875
0 0.746875 0.3984375 0.12541666666666665 0.21875
0 0.8156249999999999 0.37890625 0.0833125 0.1453125
0 1.0395833333333333 0.403125 0.11825 0.20625000000000002
0 1.1114583333333332 0.4 0.11825 0.20625000000000002
0 0.6666666666666666 0.3765625 0.050166666666666665 0.08750000000000001
0 0.25416666666666665 0.37109375 0.06181249999999999 0.1078125
0 0.6323348617756512 0.3765625 0.03941666666666666 0.06875
