0 0.0 0.0 0.0 0.0
0 0.0 0.0 0.0 0.0
0 0.0 0.0 0.0 0.0
0 0.0 0.0 0.0 0.0
0 0.0 0.0 0.0 0.0
0 0.0 0.0 0.0 0.0
0 0.22829009026784394 0.08335130895185797 0.04432989690721649 0.09216589861751152
0 0.34664948453608246 0.08986175115207373 0.04654639175257731 0.0967741935483871
0 0.0 0.0 0.0 0.0
0 0.0 0.0 0.0 0.0
0 0.0 0.0 0.0 0.0
0 0.0 0.0 0.0 0.0
0 0.0 0.0 0.0 0.0
0 0.0 0.0 0.0 0.0
0 0.0 0.0 0.0 0.0
0 0.23582474226804123 0.195852534562212 0.06871134020618556 0.14285714285714285
0 0.39786189348723255 0.05529953917050691 0.03324742268041237 0.06912442396313365
0 0.0 0.0 0.0 0.0
0 0.1404639175257732 0.2857142857142857 0.006649484536082474 0.013824884792626727
0 0.5399484536082474 0.5192494362192371 0.17588829787234042 0.36568781253064025
