0 0.0 0.0 0.0 0.0
0 0.38788659793814434 0.4043778801843318 0.13631443298969073 0.2834101382488479
0 0.5992268041237113 0.41244239631336405 0.13963917525773195 0.2903225806451613
0 0.0 0.0 0.0 0.0
0 0.0 0.0 0.0 0.0
0 0.0 0.0 0.0 0.0
0 0.30927835051546393 0.1543778801843318 0.05762886597938144 0.11981566820276497
0 0.37628865979381443 0.15898617511520738 0.06206185567010309 0.12903225806451613
0 0.0 0.0 0.0 0.0
0 0.0 0.0 0.0 0.0
0 0.0 0.0 0.0 0.0
0 0.30670103092783507 0.3087557603686636 0.09752577319587628 0.20276497695852536
0 0.5219072164948454 0.3099078341013825 0.10306701030927835 0.21428571428571427
0 0.44072164948453607 0.31336405529953915 0.09309278350515462 0.1935483870967742
0 0.6185567010309279 0.32027649769585254 0.09974226804123712 0.2073732718894009
0 0.23324742268041238 0.08179723502304148 0.041005154639175256 0.08525345622119816
0 0.181999046350647 0.07258064516129033 0.04987113402061856 0.10368663594470046
