0 0.8739583333333333 0.40546875000000004 0.0671875 0.1171875
0 0.5322916666666666 0.40390625 0.0671875 0.1171875
0 0.4770833333333333 0.39721575797872344 0.0730675975177305 0.1274434840425532
0 0.39791666666666664 0.39557014627659576 0.08032956560283688 0.1401097074468085
0 0.43645833333333334 0.39687500000000003 0.06629166666666667 0.115625
0 0.3614583333333333 0.39296875000000003 0.07435416666666667 0.1296875
0 1.0947916666666666 0.41484375 0.05464583333333333 0.09531250000000001
0 0.06875 0.37890625 0.04747916666666666 0.08281250000000001
0 0.6615447235513024 0.3992852393617021 0.03852083333333333 0.0671875
0 0.7542962519936205 0.4 0.04120833333333333 0.07187500000000001
0 0.602849215842637 0.38934507978723404 0.027446808510638313 0.04787234042553195
0 1.1174690988835725 0.4053025265957446 0.03842553191489365 0.06702127659574475
0 1.1472404970760233 0.40849401595744683 0.03659574468085105 0.06382978723404253
