0 0.6569954787848113 0.3084872133862603 0.08230981591006004 0.17376701699701616
0 0.40554372522401944 0.3914213466183575 0.20742100365824107 0.37041062801932373
0 0.7473123206763952 0.3114965455385053 0.10008779273517542 0.183314649048025
0 1.1305442640475187 0.31015165441176484 0.12276008728710341 0.23381313304307222
0 0.1511695439045184 0.32518607389431403 0.0418679549114334 0.07802765910382599
0 0.559490888746803 0.31311230107985233 0.07152511366865605 0.17690972222222226
0 0.3723469289505225 0.319366393678735 0.08532883350964546 0.1542367924015168
0 0.2935054347826086 0.3160469504830918 0.07400966183574872 0.13599033816425118
0 0.5208606848536516 0.31506345019892024 0.042895116983991656 0.107487922705314
0 0.28766735104934654 0.36206651045351396 0.12802593246125263 0.30849643412586425
0 0.31110667299870925 0.3647953567130473 0.09849448665227827 0.32281290338913227
0 0.628444446241661 0.3068461832196647 0.08210612098100115 0.1674623345715098
0 0.6945601851851851 0.30914588702068535 0.06763285024154607 0.15821478128774738
0 1.1995590529388085 0.3815274003623188 0.2521072363123992 0.4060801630434783
0 1.168705870000127 0.36384817943897796 0.17167680565118934 0.4042757651906307
0 1.138712761674718 0.30704490355924974 0.05799943165672066 0.13095095375106564
0 0.4689396437994724 0.3741571231940759 0.1864555848724714 0.3280721972738199
0 0.8341199458943668 0.30335776379187274 0.06749112565053338 0.1822884978715263
0 0.8878725415762654 0.30462210953485375 0.05886382907148627 0.1738207041936206
