0 0.0 0.0 0.0 0.0
0 0.35695876288659795 0.3148715560349054 0.1144913906558456 0.23803804294538683
0 0.5644329896907216 0.3191244239631336 0.11414948453608247 0.23732718894009217
0 0.0 0.0 0.0 0.0
0 0.0 0.0 0.0 0.0
0 0.0 0.0 0.0 0.0
0 0.297680412371134 0.18663594470046083 0.07092783505154639 0.14746543778801843
0 0.3904639175257732 0.18778801843317972 0.06760309278350515 0.14055299539170507
0 0.0 0.0 0.0 0.0
0 0.0 0.0 0.0 0.0
0 0.0 0.0 0.0 0.0
0 0.3286082474226804 0.4066820276497696 0.1252319587628866 0.26036866359447003
0 0.6072064239793485 0.4147465437788018 0.13077319587628866 0.271889400921659
0 0.431701030927835 0.42626728110599077 0.11969072164948452 0.2488479262672811
0 0.7154034923296996 0.42972350230414746 0.11858247422680411 0.2465437788018433
0 0.24484536082474226 0.06336405529953917 0.036572164948453605 0.07603686635944701
