0 0.0 0.0 0.0 0.0
0 0.3685567010309278 0.35599078341013823 0.12301546391752577 0.2557603686635945
0 0.5798969072164948 0.3629032258064516 0.12966494845360826 0.2695852534562212
0 0.0 0.0 0.0 0.0
0 0.0 0.0 0.0 0.0
0 0.0 0.0 0.0 0.0
0 0.2847938144329897 0.1728110599078341 0.06649484536082474 0.1382488479262673
0 0.38273195876288657 0.17050691244239632 0.06427835051546392 0.1336405529953917
0 0.0 0.0 0.0 0.0
0 0.0 0.0 0.0 0.0
0 0.0 0.0 0.0 0.0
0 0.27963917525773196 0.3444700460829493 0.10971649484536082 0.22811059907834103
0 0.6559278350515464 0.3513824884792627 0.11193298969072164 0.23271889400921658
0 0.48195876288659795 0.36059907834101385 0.10528350515463918 0.21889400921658986
0 0.715306894227133 0.35714285714285715 0.09974226804123712 0.2073732718894009
0 0.23969072164948454 0.07258064516129033 0.041005154639175256 0.08525345622119816
