0 0.0 0.0 0.0 0.0
0 0.27319587628865977 0.16589861751152074 0.07092783505154639 0.14746543778801843
0 0.38917525773195877 0.16589861751152074 0.07314432989690721 0.15207373271889402
0 0.41365979381443296 0.5023041474654378 0.13298969072164948 0.2764976958525346
0 0.25773195876288657 0.5034562211981567 0.1429639175257732 0.29723502304147464
0 0.21778350515463918 0.3294930875576037 0.1174742268041237 0.24423963133640553
0 0.5025773195876289 0.3778801843317972 0.11525773195876288 0.23963133640552994
0 0.595360824742268 0.38061819786253553 0.11345859837683703 0.23589077360525543
0 0.0 0.0 0.0 0.0
0 0.5914948453608248 0.5112927738013531 0.16158483220004385 0.3359496029022453
0 0.0 0.0 0.0 0.0
0 0.0 0.0 0.0 0.0
0 0.0 0.0 0.0 0.0
0 0.0 0.0 0.0 0.0
0 0.0 0.0 0.0 0.0
0 0.3324742268041237 0.06566820276497695 0.04322164948453608 0.08986175115207373
