0 0.0 0.0 0.0 0.0
0 0.5244845360824743 0.7321428571428571 0.15681701030927833 0.326036866359447
0 0.0 0.0 0.0 0.0
0 0.0 0.0 0.0 0.0
0 0.0 0.0 0.0 0.0
0 0.31443298969072164 0.11175115207373272 0.05208762886597938 0.10829493087557604
0 0.3672680412371134 0.11299882341406021 0.04885484755428823 0.10157368369447987
0 0.0 0.0 0.0 0.0
0 0.0 0.0 0.0 0.0
0 0.0 0.0 0.0 0.0
0 0.0 0.0 0.0 0.0
0 0.3595360824742268 0.1923963133640553 0.0720360824742268 0.1497695852534562
0 0.26417525773195877 0.19700460829493088 0.06981958762886598 0.14516129032258066
0 0.20876288659793815 0.22004608294930875 0.06981958762886598 0.14516129032258066
0 0.3965732336934181 0.05802284537699777 0.03586713094976971 0.07457103637611537
0 0.2311654252782847 0.14124914207275222 0.05984536082474226 0.12442396313364056
