0 0.36041666666666666 0.371875 0.06987499999999999 0.12187500000000001
0 0.4739583333333333 0.37421875000000004 0.07077083333333332 0.1234375
0 0.5697916666666667 0.371875 0.043000000000000003 0.07500000000000001
0 0.6114583333333333 0.36953125000000003 0.0510625 0.0890625
0 0.6614583333333334 0.36796875 0.05285416666666667 0.0921875
0 0.6979166666666666 0.37812500000000004 0.05375 0.09375
0 0.7708333333333334 0.3765625 0.09674999999999999 0.16875
0 0.8229166666666666 0.39765625000000004 0.16393749999999999 0.2859375
0 0.9052083333333333 0.41015625 0.17647916666666666 0.30781250000000004
0 0.978125 0.3828125 0.10929166666666666 0.19062500000000002
0 1.0510416666666667 0.47187500000000004 0.12541666666666665 0.21875
0 1.1929608585858587 0.422057845744681 0.0960638297872341 0.16755319148936182
