0 0.19791666666666666 0.3697888962765958 0.13676706560283686 0.23854720744680852
0 0.290625 0.37578125 0.12093749999999999 0.2109375
0 0.37604166666666666 0.3828125 0.11466666666666667 0.2
0 0.4211803146597554 0.38139128989361704 0.07687965425531916 0.134092420212766
0 0.47408791866028716 0.379654255319149 0.050166666666666665 0.08750000000000001
0 0.5854166666666667 0.3921875 0.129 0.225
0 0.7 0.38906250000000003 0.129 0.225
0 0.5168826422115896 0.37581449468085104 0.03314583333333333 0.0578125
0 1.0281549043062201 0.4005152925531915 0.12076595744680853 0.21063829787234045
0 0.13713948697501327 0.39173869680851064 0.061297872340425524 0.10691489361702128
0 0.05420487772461457 0.39413231382978725 0.06221276595744684 0.1085106382978724
0 1.1706323099415203 0.41328125000000004 0.1061276595744681 0.18510638297872345
0 1.2152894072301965 0.40211103723404257 0.10063829787234041 0.17553191489361702
