0 0.0 0.0 0.0 0.0
0 0.3286082474226804 0.271889400921659 0.09974226804123712 0.2073732718894009
0 0.520618556701031 0.27880184331797236 0.10417525773195876 0.21658986175115208
0 0.0 0.0 0.0 0.0
0 0.0 0.0 0.0 0.0
0 0.0 0.0 0.0 0.0
0 0.35051546391752575 0.20852534562211983 0.07646907216494844 0.15898617511520738
0 0.4110824742268041 0.2108294930875576 0.07425257731958762 0.1543778801843318
0 0.0 0.0 0.0 0.0
0 0.0 0.0 0.0 0.0
0 0.0 0.0 0.0 0.0
0 0.3427835051546392 0.48847926267281105 0.1440721649484536 0.2995391705069124
0 0.5773195876288659 0.4930875576036866 0.14850515463917524 0.3087557603686636
0 0.44072164948453607 0.5011520737327189 0.14074742268041238 0.2926267281105991
0 0.6701030927835051 0.5046082949308756 0.1352061855670103 0.28110599078341014
0 0.25644329896907214 0.05529953917050691 0.03546391752577319 0.07373271889400922
