0 0.0 0.0 0.0 0.0
0 0.46005154639175255 0.48847926267281105 0.15958762886597938 0.3317972350230415
0 0.7087628865979382 0.5118418472399254 0.16654600789646848 0.34626433964114123
0 0.0 0.0 0.0 0.0
0 0.0 0.0 0.0 0.0
0 0.0 0.0 0.0 0.0
0 0.32451721501504466 0.14055299539170507 0.05762886597938144 0.11981566820276497
0 0.38144329896907214 0.1382488479262673 0.05762886597938144 0.11981566820276497
0 0.0 0.0 0.0 0.0
0 0.0 0.0 0.0 0.0
0 0.0 0.0 0.0 0.0
0 0.2744845360824742 0.25806451612903225 0.08644329896907216 0.17972350230414746
0 0.43943298969072164 0.2534562211981567 0.08422680412371134 0.17511520737327188
0 0.37371134020618557 0.25921658986175117 0.08311855670103092 0.1728110599078341
0 0.5025773195876289 0.25921658986175117 0.07646907216494844 0.15898617511520738
0 0.21778350515463918 0.0944700460829493 0.04432989690721649 0.09216589861751152
0 0.28350515463917525 0.07142857142857142 0.04876288659793814 0.10138248847926268
