0 0.309375 0.40007480053191496 0.10562256205673756 0.18422539893617018
0 0.37916666666666665 0.4234375 0.06091666666666666 0.10625000000000001
0 0.4322916666666667 0.39687500000000003 0.09495833333333333 0.16562500000000002
0 0.640625 0.3953125 0.10033333333333333 0.17500000000000002
0 0.9769834031100477 0.4307430186170213 0.29083133865248223 0.5072639627659575
0 1.09375 0.41189328457446805 0.19419570035460995 0.3387134308510639
0 1.19375 0.390625 0.18991666666666665 0.33125000000000004
0 0.828125 0.38671875 0.0456875 0.07968750000000001
0 0.5558031050637958 0.38177360372340435 0.03523293439716302 0.06145279255319132
0 0.6 0.38828125 0.03314583333333333 0.0578125
0 0.25090875863902173 0.387749335106383 0.032936170212765944 0.057446808510638284
