0 0.15833333333333333 0.39375000000000004 0.09495833333333333 0.16562500000000002
0 0.35846291866028707 0.38984375000000004 0.06002083333333333 0.1046875
0 0.40520833333333334 0.38984375000000004 0.07614583333333333 0.1328125
0 0.7685676501860712 0.4099983377659575 0.056618572695035466 0.09875332446808512
0 0.81875 0.400390625 0.07121875 0.12421875
0 0.8510416666666667 0.37890625 0.0510625 0.0890625
0 1.253125 0.38667719414893625 0.1030684840425531 0.17977061170212752
0 1.2677083333333332 0.3984375 0.10033333333333333 0.17500000000000002
0 0.5874568048910154 0.38984375000000004 0.042104166666666665 0.0734375
0 0.5260416666666666 0.38203125000000004 0.03852083333333333 0.0671875
0 0.2668577219564061 0.39173869680851064 0.04665957446808511 0.08138297872340426
0 0.22858020999468362 0.3901429521276596 0.044829787234042524 0.07819148936170209
