0 0.46870431286549724 0.4532290460335842 0.272059447983015 0.5176606832657792
0 0.47747624269005856 0.3490020628257093 0.23736730360934183 0.4516502605674581
0 0.661686769005848 0.37766448320787493 0.2163694267515924 0.4116965836711061
0 0.6470668859649124 0.19266158801389688 0.13876857749469212 0.26404169079328316
0 0.8186068469785576 0.4132753691372322 0.24649681528662432 0.46902142443543743
0 0.8254294590643276 0.21784977562246663 0.1615923566878981 0.30746960046323113
0 0.9472618177387915 0.3238138752171395 0.20906581740976646 0.39779965257672273
0 1.0047666910331385 0.4532290460335842 0.24101910828025477 0.45859872611464975
0 0.337125365497076 0.2847287565141864 0.20632696390658173 0.39258830341632894
0 0.2757218567251462 0.26040912709901565 0.1862420382165605 0.35437174290677476
0 0.33947843374377007 0.07705465749039692 0.057535211267605635 0.10947503201024328
0 0.2943303833186749 0.07417373559539055 0.060563380281690095 0.11523687580025602
0 0.23467045954265608 0.5250380121638926 0.2740492957746479 0.5214468629961589
