0 0.0 0.0 0.0 0.0
0 0.42912371134020616 0.44815668202764974 0.14961340206185567 0.31105990783410137
0 0.663659793814433 0.4539170506912442 0.15293814432989689 0.31797235023041476
0 0.0 0.0 0.0 0.0
0 0.0 0.0 0.0 0.0
0 0.0 0.0 0.0 0.0
0 0.31572164948453607 0.14861751152073732 0.06095360824742268 0.12672811059907835
0 0.3788659793814433 0.14746543778801843 0.05984536082474226 0.12442396313364056
0 0.0 0.0 0.0 0.0
0 0.0 0.0 0.0 0.0
0 0.0 0.0 0.0 0.0
0 0.2693298969072165 0.28110599078341014 0.09309278350515462 0.1935483870967742
0 0.4574742268041237 0.27534562211981567 0.09198453608247421 0.1912442396313364
0 0.3801546391752577 0.28225806451612906 0.08533505154639175 0.1774193548387097
0 0.5412371134020618 0.2834101382488479 0.08422680412371134 0.17511520737327188
0 0.2268041237113402 0.08755760368663594 0.04211340206185567 0.08755760368663594
0 0.22551546391752578 0.07258064516129033 0.04987113402061856 0.10368663594470046
