0 0.0 0.0 0.0 0.0
0 0.0 0.0 0.0 0.0
0 0.0 0.0 0.0 0.0
0 0.0 0.0 0.0 0.0
0 0.0 0.0 0.0 0.0
0 0.0 0.0 0.0 0.0
0 0.26288659793814434 0.10138248847926268 0.053195876288659794 0.11059907834101382
0 0.34664948453608246 0.10023041474654378 0.047654639175257724 0.09907834101382489
0 0.0 0.0 0.0 0.0
0 0.0 0.0 0.0 0.0
0 0.0 0.0 0.0 0.0
0 0.0 0.0 0.0 0.0
0 0.26486788668014927 0.19700460829493088 0.0720360824742268 0.1497695852534562
0 0.0 0.0 0.0 0.0
0 0.0 0.0 0.0 0.0
0 0.22551546391752578 0.15668202764976957 0.05984536082474226 0.12442396313364056
0 0.3991865206596623 0.056451612903225805 0.03435567010309278 0.07142857142857142
0 0.0 0.0 0.0 0.0
0 0.0 0.0 0.0 0.0
0 0.32216494845360827 0.35714285714285715 0.12412371134020618 0.25806451612903225
