0 0.3118556701030928 0.6494435728993038 0.16592350296117567 0.34497009510736343
0 0.2538659793814433 0.1347926267281106 0.0631701030927835 0.1313364055299539
0 0.3634020618556701 0.14055299539170507 0.06427835051546392 0.1336405529953917
0 0.41143906509478945 0.35623835670163745 0.0966556810704102 0.20095597607608592
0 0.30630641740245645 0.35904500441219733 0.11082474226804123 0.2304147465437788
0 0.2654639175257732 0.39400921658986177 0.1352061855670103 0.28110599078341014
0 0.43576431707196767 0.5180042160996176 0.1551287014696205 0.32252671830571616
0 0.5554123711340206 0.5153519952936562 0.15219066681289753 0.31641827630159813
0 0.0 0.0 0.0 0.0
0 0.0 0.0 0.0 0.0
0 0.0 0.0 0.0 0.0
0 0.0 0.0 0.0 0.0
0 0.0 0.0 0.0 0.0
0 0.0 0.0 0.0 0.0
0 0.0 0.0 0.0 0.0
0 0.0 0.0 0.0 0.0
0 0.2757731958762887 0.05399303853318954 0.03893721210791839 0.08095401509951954
