0 0.0 0.0 0.0 0.0
0 0.0 0.0 0.0 0.0
0 0.0 0.0 0.0 0.0
0 0.0 0.0 0.0 0.0
0 0.0 0.0 0.0 0.0
0 0.0 0.0 0.0 0.0
0 0.2268041237113402 0.08294930875576037 0.04432989690721649 0.09216589861751152
0 0.3427835051546392 0.08755760368663594 0.04432989690721649 0.09216589861751152
0 0.0 0.0 0.0 0.0
0 0.0 0.0 0.0 0.0
0 0.0 0.0 0.0 0.0
0 0.0 0.0 0.0 0.0
0 0.0 0.0 0.0 0.0
0 0.0 0.0 0.0 0.0
0 0.0 0.0 0.0 0.0
0 0.2345360824742268 0.19930875576036866 0.0720360824742268 0.1497695852534562
0 0.39997985826797544 0.05529953917050691 0.03324742268041237 0.06912442396313365
0 0.0 0.0 0.0 0.0
0 0.15036727831763097 0.33214530836356504 0.09420103092783504 0.195852534562212
0 0.5567010309278351 0.5333684674968134 0.1806042443518315 0.3754926953622904
