0 0.0 0.0 0.0 0.0
0 0.0 0.0 0.0 0.0
0 0.0 0.0 0.0 0.0
0 0.0 0.0 0.0 0.0
0 0.0 0.0 0.0 0.0
0 0.0 0.0 0.0 0.0
0 0.1920103092783505 0.07949308755760369 0.04322164948453608 0.08986175115207373
0 0.36082474226804123 0.08294930875576037 0.04432989690721649 0.09216589861751152
0 0.0 0.0 0.0 0.0
0 0.0 0.0 0.0 0.0
0 0.0 0.0 0.0 0.0
0 0.0 0.0 0.0 0.0
0 0.0 0.0 0.0 0.0
0 0.0 0.0 0.0 0.0
0 0.0 0.0 0.0 0.0
0 0.0 0.0 0.0 0.0
0 0.3991865206596622 0.05529953917050691 0.03324742268041237 0.06912442396313365
0 0.0 0.0 0.0 0.0
0 0.2744845360824742 0.3052995391705069 0.09420103092783504 0.195852534562212
0 0.6765463917525774 0.5988601823708207 0.19262519192805444 0.40048534170016675
