0 1.1740283789430526 0.37710565450908107 0.181002441248413 0.49118921915085195
0 0.9086933817062447 0.3677546259870119 0.20052770448548832 0.42544253001986204
0 0.825410700690099 0.3540683428829916 0.12786703309649566 0.3003618817852834
0 0.9825720096745826 0.3789698978703342 0.15831134564643795 0.3047927886984149
0 1.0471180360347412 0.2984439069018625 0.03734813185426956 0.08216106104685537
0 1.0744655394324998 0.2979766661640531 0.040209087253719154 0.07720144752714111
0 1.2340496747301657 0.3019051549675963 0.04273219515992963 0.07782078942855791
0 0.0955679777924976 0.37493680607468705 0.18591730872030873 0.39517480334358396
0 0.09954650395778368 0.3592659863862508 0.1653474054529464 0.3340469375612341
0 0.6659493183817065 0.29919674295774645 0.11609498680738804 0.2720070422535211
0 1.2947971635883908 0.3665382922535211 0.0791556728232185 0.3961267605633803
