0 0.20177248730107966 0.3264708268950696 0.07303093474708736 0.15096932500355217
0 0.24536298411213034 0.3163626188832265 0.08701130758211105 0.17131940006905533
0 1.0182052593514859 0.3103016139228563 0.10776935681097963 0.20729267264537157
0 1.13902544020703 0.32019574958040287 0.10491915723868032 0.23015386062713128
0 0.9035686712069982 0.3152880901001706 0.1214858459918003 0.2193847017973857
0 0.20867400399249228 0.32357152741681355 0.05502054889841359 0.12082192995112116
0 0.11748177419432289 0.32758096213454985 0.05607567328726605 0.11343220590121686
0 1.0729728835978833 0.3012847869220151 0.09934713595583217 0.1739884403036579
0 0.804045801216018 0.3123462587027565 0.04983286415411558 0.107487922705314
0 0.9530077993090748 0.3923875301932367 0.18902362111541654 0.39855072463768115
0 1.0827703331346716 0.38510424376095376 0.16898549494082266 0.3704483416218626
0 0.3548163675073921 0.31807086652088334 0.0627501325229467 0.13133001750258969
0 0.4206773926927208 0.31739466018282986 0.057804242733778585 0.12109290991459619
0 1.04660933757561 0.3096683879903863 0.056561802257135106 0.10892420062454332
0 0.5531549197128373 0.30987384103121 0.08547103422689512 0.15944781898266555
0 0.6183690744815714 0.3126325714078065 0.05946060396035714 0.1469927765368737
