0 0.36875 0.21250000000000002 0.12004166666666666 0.209375
0 0.24479166666666666 0.18515625000000002 0.07525 0.13125
0 0.13020833333333331 0.17695312500000002 0.07659375 0.13359375
0 0.17864583333333334 0.197265625 0.06136458333333333 0.10703125000000001
0 0.48802083333333335 0.19526678856382984 0.0779899157801418 0.13602892287234036
0 0.5239583333333333 0.20625000000000002 0.08420833333333333 0.146875
0 0.5921875 0.2015625 0.0940625 0.1640625
0 0.12712652844231792 0.21102892287234054 0.05214893617021274 0.09095744680851059
0 0.4768632044125464 0.15597573138297882 0.042085106382978736 0.07340425531914896
0 0.4555979199893673 0.14161402925531927 0.02927659574468084 0.05106382978723403
0 0.4077510300372142 0.18230551861702138 0.07227659574468084 0.12606382978723404
0 0.561924342105263 0.1998587101063831 0.07227659574468084 0.12606382978723404
