0 0.0 0.0 0.0 0.0
0 0.327319587628866 0.2672811059907834 0.08865979381443298 0.18433179723502305
0 0.5244845360824743 0.28456221198156684 0.10528350515463918 0.21889400921658986
0 0.0 0.0 0.0 0.0
0 0.0 0.0 0.0 0.0
0 0.0 0.0 0.0 0.0
0 0.327319587628866 0.20137023237572313 0.07180264312349201 0.1492842435532896
0 0.4097938144329897 0.20506912442396313 0.07314432989690721 0.15207373271889402
0 0.0 0.0 0.0 0.0
0 0.0 0.0 0.0 0.0
0 0.0 0.0 0.0 0.0
0 0.336340206185567 0.46889400921658986 0.14074742268041238 0.2926267281105991
0 0.5695876288659794 0.47465437788018433 0.1440721649484536 0.2995391705069124
0 0.4381443298969072 0.4838709677419355 0.1352061855670103 0.28110599078341014
0 0.6522971850901855 0.4861751152073733 0.13077319587628866 0.271889400921659
0 0.25257731958762886 0.0576036866359447 0.037680412371134016 0.07834101382488479
