0 0.0 0.0 0.0 0.0
0 0.461340206185567 0.5314663202274733 0.17877445711778897 0.37168840082361015
0 0.7126288659793815 0.5439381311893323 0.16860687650800615 0.35054907343857244
0 0.0 0.0 0.0 0.0
0 0.0 0.0 0.0 0.0
0 0.0 0.0 0.0 0.0
0 0.31443298969072164 0.1359447004608295 0.05762886597938144 0.11981566820276497
0 0.3711340206185567 0.13248847926267282 0.05652061855670103 0.1175115207373272
0 0.0 0.0 0.0 0.0
0 0.0 0.0 0.0 0.0
0 0.0 0.0 0.0 0.0
0 0.2757731958762887 0.24423963133640553 0.08422680412371134 0.17511520737327188
0 0.4368556701030928 0.24539170506912442 0.0809020618556701 0.16820276497695852
0 0.3672680412371134 0.24769585253456222 0.07868556701030928 0.16359447004608296
0 0.4961340206185567 0.2569124423963134 0.07868556701030928 0.16359447004608296
0 0.2190721649484536 0.097926267281106 0.0454381443298969 0.0944700460829493
0 0.32603092783505155 0.06753358172369836 0.04501606711998241 0.09359250906951654
