0 0.17395833333333333 0.4234375 0.317125 0.553125
0 0.23854166666666665 0.40156250000000004 0.20604166666666665 0.359375
0 0.3572916666666667 0.38828125 0.0886875 0.1546875
0 0.4322916666666667 0.38046875 0.04747916666666666 0.08281250000000001
0 0.546875 0.38203125000000004 0.043895833333333335 0.0765625
0 0.6072916666666667 0.38593750000000004 0.051958333333333336 0.09062500000000001
0 0.6573348617756513 0.38125000000000003 0.04658333333333333 0.08125
0 0.696875 0.38359375 0.05464583333333333 0.09531250000000001
0 0.7927083333333333 0.39687500000000003 0.07525 0.13125
0 0.8333333333333334 0.38125000000000003 0.051958333333333336 0.09062500000000001
0 1.1385416666666666 0.40703125 0.1854375 0.32343750000000004
0 0.48541666666666666 0.3796875 0.03941666666666666 0.06875
0 1.2152894072301965 0.4045046542553193 0.11253191489361705 0.19627659574468093
0 1.288654638490165 0.39891954787234063 0.10978723404255321 0.19148936170212771
