0 0.2683268872939925 0.46124501329787243 0.06414738475177298 0.11188497340425521
0 0.1952048611111111 0.4651678856382979 0.06681582446808505 0.11653922872340416
0 0.15208333333333332 0.4635887632978724 0.06683488475177299 0.11657247340425521
0 0.10833333333333335 0.45390625 0.06897916666666666 0.1203125
0 0.24665570175438592 0.4572390292553191 0.0705325797872341 0.12302194148936181
0 1.1010848617756512 0.43125 0.03583333333333333 0.0625
0 0.9665562948564594 0.43046875 0.0295625 0.051562500000000004
0 0.9125431951089846 0.42812500000000003 0.03225 0.05625
0 0.8917098617756513 0.43281250000000004 0.03045833333333333 0.053125000000000006
0 0.7559592636895263 0.3071642287234042 0.03568085106382979 0.062234042553191496
0 0.03187632908027645 0.44838763297872347 0.042085106382978736 0.07340425531914896
0 0.21985812068048907 0.46115359042553195 0.06404255319148937 0.11170212765957449
