0 0.2583333333333333 0.5242187500000001 0.0671875 0.1171875
0 0.2302947235513025 0.5257812500000002 0.061297872340425476 0.10691489361702118
0 0.203125 0.5242187500000001 0.06539583333333333 0.11406250000000001
0 0.13020833333333334 0.52890625 0.06360416666666667 0.11093750000000001
0 0.09166666666666666 0.5359375000000001 0.06091666666666666 0.10625000000000001
0 0.06145833333333333 0.5203125000000001 0.05375 0.09375
0 0.031249999999999997 0.521875 0.051958333333333336 0.09062500000000001
0 1.3135416666666666 0.5136053856382979 0.04001706560283678 0.06979720744680833
0 0.970731226741095 0.50625 0.025083333333333332 0.043750000000000004
0 0.728314393939394 0.3917386968085106 0.03568085106382979 0.062234042553191496
0 1.3035403375863903 0.5114195478723407 0.04117021276595747 0.07180851063829792
