0 0.153125 0.3380402260638298 0.06925554078014186 0.12079454787234045
0 0.06979166666666667 0.328125 0.080625 0.140625
0 0.2375 0.33359375 0.09047916666666667 0.15781250000000002
0 1.0802083333333332 0.40546875000000004 0.1854375 0.32343750000000004
0 0.8885416666666667 0.3484375 0.051958333333333336 0.09062500000000001
0 0.44387958532695376 0.3422872340425531 0.059125 0.10312500000000001
0 0.9875863902179692 0.3515625 0.05554166666666666 0.096875
0 0.30832502658160554 0.32471742021276595 0.10887234042553194 0.18989361702127666
0 1.0068896198830408 0.35184507978723406 0.053978723404255365 0.09414893617021286
0 0.5922165736310473 0.35423869680851067 0.04025531914893615 0.07021276595744678
0 0.4848268872939925 0.33828125000000003 0.03659574468085105 0.06382978723404253
0 0.38275352206273255 0.3478557180851064 0.054893617021276576 0.0957446808510638
0 0.1924292264752791 0.33030252659574466 0.07319148936170215 0.12765957446808515
0 0.11055788144603934 0.33030252659574466 0.06587234042553194 0.11489361702127665
0 0.35936170919723553 0.3478557180851064 0.054893617021276576 0.0957446808510638
