0 1.1104166666666666 0.41015625 0.2015625 0.3515625
0 0.9333333333333333 0.40234375 0.19439583333333332 0.33906250000000004
0 0.849651548378522 0.3828125 0.11825 0.20625000000000002
0 0.2864583333333333 0.37374501329787235 0.04981405141843975 0.08688497340425538
0 0.7572916666666667 0.38203125000000004 0.04927083333333333 0.0859375
0 0.7197916666666666 0.384375 0.034041666666666665 0.059375000000000004
0 0.6864583333333333 0.38125000000000003 0.037625 0.065625
0 0.6708333333333333 0.384375 0.03045833333333333 0.053125000000000006
0 0.646875 0.38046875 0.0403125 0.0703125
0 0.6390001993620414 0.37977061170212767 0.03842553191489363 0.06702127659574471
