0 0.0 0.0 0.0 0.0
0 0.3079896907216495 0.22350230414746544 0.08865979381443298 0.18433179723502305
0 0.5051546391752577 0.22580645161290322 0.0908762886597938 0.1889400921658986
0 0.0 0.0 0.0 0.0
0 0.0 0.0 0.0 0.0
0 0.0 0.0 0.0 0.0
0 0.3698453608247423 0.2488479262672811 0.08422680412371134 0.17511520737327188
0 0.4381443298969072 0.2511520737327189 0.08644329896907216 0.17972350230414746
0 0.0 0.0 0.0 0.0
0 0.0 0.0 0.0 0.0
0 0.23324742268041238 0.2661290322580645 0.0986340206185567 0.20506912442396313
0 0.3956185567010309 0.6915457397784096 0.19312508225488043 0.4015246592803215
0 0.6984536082474226 0.6912515932934602 0.17511016670322438 0.364070006863418
0 0.5025773195876289 0.7142391410922639 0.1639758170651458 0.34092067849789187
0 0.7727365214817737 0.6967178154721051 0.1515540140381662 0.31509461711932535
0 0.0 0.0 0.0 0.0
