0 0.8254294590643276 0.5333988152804643 0.1893829787234043 0.3603481624758222
0 0.8975542153996103 0.49074891199226317 0.16834042553191494 0.3203094777562864
0 0.43069261695906436 0.39761544970986473 0.145468085106383 0.2767891682785301
0 0.4189967105263158 0.3706328578336558 0.14821276595744678 0.28201160541586073
0 0.371238425925926 0.2714065522243714 0.1335744680851064 0.25415860735009677
0 0.4336165935672515 0.2304974613152805 0.11802127659574468 0.22456479690522244
0 0.2443450417766051 0.24846951024327782 0.1408098591549296 0.26792573623559546
0 0.22338344693638226 0.3881942221510884 0.1332394366197184 0.2535211267605636
0 0.32496656039284666 0.37090869078105 0.15746478873239436 0.2996158770806659
0 0.49749661023160363 0.5048715588988477 0.18017605633802822 0.342829705505762
0 0.6442277741131632 0.5466449263764406 0.18774647887323942 0.35723431498079383
