0 0.42916666666666664 0.4078125 0.091375 0.15937500000000002
0 0.47604166666666664 0.39140625 0.06897916666666666 0.1203125
0 0.6019537480063795 0.39453125 0.05285416666666667 0.0921875
0 0.6614583333333334 0.39609375 0.04747916666666666 0.08281250000000001
0 0.753125 0.40546875000000004 0.11377083333333333 0.19843750000000002
0 0.805035552897395 0.40546875000000004 0.07972916666666666 0.1390625
0 0.8791666666666667 0.4265625 0.059125 0.10312500000000001
0 0.8416666666666667 0.39687500000000003 0.059125 0.10312500000000001
0 0.9739583333333334 0.39765625000000004 0.04927083333333333 0.0859375
0 0.7208715443912812 0.40211103723404273 0.06770212765957453 0.11808510638297882
