0 0.0 0.0 0.0 0.0
0 0.297680412371134 0.21889400921658986 0.08644329896907216 0.17972350230414746
0 0.0 0.0 0.0 0.0
0 0.0 0.0 0.0 0.0
0 0.0 0.0 0.0 0.0
0 0.3755641740245647 0.25921658986175117 0.08755154639175257 0.18202764976958524
0 0.4458762886597938 0.2569124423963134 0.08755154639175257 0.18202764976958524
0 0.0 0.0 0.0 0.0
0 0.0 0.0 0.0 0.0
0 0.24742268041237114 0.2764976958525346 0.09752577319587628 0.20276497695852536
0 0.40850515463917525 0.6932076674183744 0.16590935512173724 0.34494068045886855
0 0.7100813479340338 0.7171658986175116 0.17122422680412372 0.35599078341013823
0 0.5257731958762887 0.7321428571428571 0.15681701030927833 0.326036866359447
0 0.7925257731958762 0.730716246690852 0.1554446698837464 0.3231836454554367
0 0.0 0.0 0.0 0.0
0 0.49723565004357184 0.22465437788018433 0.08965957446808512 0.18641043239533292
