0 0.293713724329568 0.5805887832140406 0.17177599254222412 0.3571379547014412
0 0.2693298969072165 0.12442396313364056 0.05984536082474226 0.12442396313364056
0 0.3672680412371134 0.12788018433179724 0.06095360824742268 0.12672811059907835
0 0.36455610088952467 0.320685851554074 0.09791955472691381 0.20358368467496818
0 0.259020618556701 0.3172296303559173 0.10124429699495505 0.21049612707128154
0 0.40122844012561865 0.4094053338562604 0.12785166703224388 0.26581527600745164
0 0.42783505154639173 0.5869521521717815 0.16565469401184466 0.3444112167859594
0 0.634020618556701 0.5858000784390627 0.1667629414345251 0.34671536425139715
0 0.0 0.0 0.0 0.0
0 0.0 0.0 0.0 0.0
0 0.0 0.0 0.0 0.0
0 0.0 0.0 0.0 0.0
0 0.0 0.0 0.0 0.0
0 0.0 0.0 0.0 0.0
0 0.0 0.0 0.0 0.0
0 0.0 0.0 0.0 0.0
0 0.23600046860356136 0.048963133640553 0.04599226804123711 0.0956221198156682
