0 0.0 0.0 0.0 0.0
0 0.37371134020618557 0.3824884792626728 0.13298969072164948 0.2764976958525346
0 0.5889175257731959 0.3951612903225806 0.13631443298969073 0.2834101382488479
0 0.0 0.0 0.0 0.0
0 0.0 0.0 0.0 0.0
0 0.0 0.0 0.0 0.0
0 0.29896907216494845 0.16244239631336405 0.0631701030927835 0.1313364055299539
0 0.37371134020618557 0.16474654377880185 0.0631701030927835 0.1313364055299539
0 0.0 0.0 0.0 0.0
0 0.0 0.0 0.0 0.0
0 0.0 0.0 0.0 0.0
0 0.297680412371134 0.3248847926267281 0.10195876288659794 0.2119815668202765
0 0.5695876288659794 0.3247107559564663 0.09990968414125904 0.2077213452299245
0 0.4768041237113402 0.3317972350230415 0.09974226804123712 0.2073732718894009
0 0.6533505154639175 0.3317972350230415 0.09752577319587628 0.20276497695852536
0 0.2345360824742268 0.07834101382488479 0.039896907216494845 0.08294930875576037
0 0.17942172676301815 0.07067849789195026 0.047654639175257724 0.09907834101382489
