0 0.0 0.0 0.0 0.0
0 0.30412371134020616 0.24078341013824886 0.09198453608247421 0.1912442396313364
0 0.5115979381443299 0.2465437788018433 0.09309278350515462 0.1935483870967742
0 0.0 0.0 0.0 0.0
0 0.0 0.0 0.0 0.0
0 0.0 0.0 0.0 0.0
0 0.3646907216494845 0.2315668202764977 0.0809020618556701 0.16820276497695852
0 0.43556701030927836 0.23617511520737328 0.0809020618556701 0.16820276497695852
0 0.0 0.0 0.0 0.0
0 0.0 0.0 0.0 0.0
0 0.20876288659793815 0.23847926267281105 0.08755154639175257 0.18202764976958524
0 0.37628865979381443 0.5812457103637612 0.16016533230971702 0.33299833316991856
0 0.6082474226804123 0.6214996568291009 0.17450652555384952 0.3628149818609668
0 0.461340206185567 0.6295641729581332 0.16674879359508665 0.3466859496029023
0 0.7422680412371134 0.6326183939601921 0.16747033340644876 0.34818609667614464
0 0.0 0.0 0.0 0.0
