0 0.30927835051546393 0.6360746151583488 0.16414559113840752 0.3412736542798313
0 0.25257731958762886 0.1347926267281106 0.0631701030927835 0.1313364055299539
0 0.3634020618556701 0.13709677419354838 0.0631701030927835 0.1313364055299539
0 0.4072164948453608 0.35848857731150113 0.10546978504057908 0.21928130208844007
0 0.3040014222529144 0.35253456221198154 0.10860824742268041 0.22580645161290322
0 0.26288659793814434 0.3882488479262673 0.12966494845360826 0.2695852534562212
0 0.4293775382692908 0.5245146582998332 0.15435528624698394 0.32091871752132556
0 0.5605670103092784 0.5277159525443671 0.16408428383417414 0.3411461908030199
0 0.0 0.0 0.0 0.0
0 0.0 0.0 0.0 0.0
0 0.0 0.0 0.0 0.0
0 0.0 0.0 0.0 0.0
0 0.0 0.0 0.0 0.0
0 0.0 0.0 0.0 0.0
0 0.0 0.0 0.0 0.0
0 0.0 0.0 0.0 0.0
0 0.27356685410809123 0.04978674379841162 0.03855050449660012 0.08015001470732422
