0 0.0 0.0 0.0 0.0
0 0.4587628865979381 0.4815668202764977 0.15737113402061856 0.3271889400921659
0 0.7087628865979382 0.5043803314050397 0.16823431673612635 0.349774487694872
0 0.0 0.0 0.0 0.0
0 0.0 0.0 0.0 0.0
0 0.0 0.0 0.0 0.0
0 0.3170103092783505 0.14170506912442396 0.05873711340206185 0.12211981566820276
0 0.3801546391752577 0.13940092165898618 0.05652061855670103 0.1175115207373272
0 0.0 0.0 0.0 0.0
0 0.0 0.0 0.0 0.0
0 0.0 0.0 0.0 0.0
0 0.2744845360824742 0.25806451612903225 0.08644329896907216 0.17972350230414746
0 0.43943298969072164 0.26036866359447003 0.08644329896907216 0.17972350230414746
0 0.3711340206185567 0.2684331797235023 0.08311855670103092 0.1728110599078341
0 0.49742268041237114 0.25921658986175117 0.07646907216494844 0.15898617511520738
0 0.22164948453608246 0.0944700460829493 0.04432989690721649 0.09216589861751152
0 0.27963917525773196 0.07142857142857142 0.04876288659793814 0.10138248847926268
