0 0.0 0.0 0.0 0.0
0 0.3015463917525773 0.21428571428571427 0.08644329896907216 0.17972350230414746
0 0.4961340206185567 0.21889400921658986 0.08644329896907216 0.17972350230414746
0 0.0 0.0 0.0 0.0
0 0.0 0.0 0.0 0.0
0 0.0 0.0 0.0 0.0
0 0.3829292655255759 0.26625894695558383 0.09172280105286247 0.19070006863417982
0 0.44458762886597936 0.2661290322580645 0.08755154639175257 0.18202764976958524
0 0.0 0.0 0.0 0.0
0 0.0 0.0 0.0 0.0
0 0.24355670103092783 0.2903225806451613 0.10417525773195876 0.21658986175115208
0 0.0 0.0 0.0 0.0
0 0.1771270080073661 0.07258064516129033 0.04987113402061856 0.10368663594470046
