0 0.3315801805356878 0.471440827532111 0.1377079951743804 0.2863074811256006
0 0.2809278350515464 0.11290322580645161 0.05984536082474226 0.12442396313364056
0 0.356660747463786 0.1175115207373272 0.05984536082474226 0.12442396313364056
0 0.35695876288659795 0.26497695852534564 0.07979381443298969 0.16589861751152074
0 0.2548566237524457 0.2684331797235023 0.08976804123711339 0.18663594470046083
0 0.6638930679557374 0.5362216884008236 0.18334892520289536 0.38119913717031084
0 0.4310608115884838 0.7057726247671341 0.17577983110331216 0.36546230022551235
0 0.6139354066985645 0.7100524561231494 0.1780670651458653 0.37021766839886255
0 0.0 0.0 0.0 0.0
0 0.0 0.0 0.0 0.0
0 0.0 0.0 0.0 0.0
0 0.0 0.0 0.0 0.0
0 0.0 0.0 0.0 0.0
0 0.0 0.0 0.0 0.0
0 0.0 0.0 0.0 0.0
0 0.0 0.0 0.0 0.0
0 0.23231432611519423 0.04918129228355721 0.04620212765957446 0.09605843710167662
