0 0.30501364705108597 0.6541450142170802 0.18152856986181182 0.37741445239729393
0 0.25644329896907214 0.13248847926267282 0.0631701030927835 0.1313364055299539
0 0.3634020618556701 0.1359447004608295 0.06206185567010309 0.12903225806451613
0 0.4019611470099805 0.3538802823806256 0.10258362579513053 0.21328071379547017
0 0.2667525773195876 0.3421658986175115 0.10528350515463918 0.21889400921658986
0 0.2757731958762887 0.391705069124424 0.13298969072164948 0.2764976958525346
0 0.43318699748433875 0.530971173644475 0.160952895371792 0.3346357486028041
0 0.5567010309278351 0.5283189528385135 0.15801486071506904 0.32852730659868606
0 0.0 0.0 0.0 0.0
0 0.0 0.0 0.0 0.0
0 0.0 0.0 0.0 0.0
0 0.0 0.0 0.0 0.0
0 0.0 0.0 0.0 0.0
0 0.0 0.0 0.0 0.0
0 0.0 0.0 0.0 0.0
0 0.0 0.0 0.0 0.0
0 0.26702490175767435 0.05346112363957252 0.045744680851063806 0.09510736346700653
