0 0.0 0.0 0.0 0.0
0 0.4162371134020618 0.4228110599078341 0.1429639175257732 0.29723502304147464
0 0.6288659793814433 0.42972350230414746 0.14518041237113402 0.30184331797235026
0 0.0 0.0 0.0 0.0
0 0.0 0.0 0.0 0.0
0 0.0 0.0 0.0 0.0
0 0.31958762886597936 0.1532258064516129 0.06095360824742268 0.12672811059907835
0 0.37628865979381443 0.1532258064516129 0.06095360824742268 0.12672811059907835
0 0.0 0.0 0.0 0.0
0 0.0 0.0 0.0 0.0
0 0.0 0.0 0.0 0.0
0 0.29381443298969073 0.29147465437788017 0.09198453608247421 0.1912442396313364
0 0.48582474226804123 0.29377880184331795 0.0986340206185567 0.20506912442396313
0 0.4072164948453608 0.2995073046377096 0.0908456350076771 0.1888763604274929
0 0.585895238330127 0.29723502304147464 0.08422680412371134 0.17511520737327188
0 0.23195876288659795 0.08410138248847926 0.041005154639175256 0.08525345622119816
0 0.19845360824742267 0.07258064516129033 0.04987113402061856 0.10368663594470046
