0 0.0 0.0 0.0 0.0
0 0.31958762886597936 0.25806451612903225 0.09752577319587628 0.20276497695852536
0 0.5103092783505154 0.26152073732718895 0.10085051546391753 0.20967741935483872
0 0.0 0.0 0.0 0.0
0 0.0 0.0 0.0 0.0
0 0.0 0.0 0.0 0.0
0 0.3634020618556701 0.21658986175115208 0.07757731958762885 0.16129032258064516
0 0.4265463917525773 0.2154377880184332 0.07646907216494844 0.15898617511520738
0 0.0 0.0 0.0 0.0
0 0.0 0.0 0.0 0.0
0 0.20618556701030927 0.21658986175115208 0.08422680412371134 0.17511520737327188
0 0.3518041237113402 0.5311721737425238 0.16075954156613292 0.33423374840670655
0 0.5914948453608248 0.5507966467300716 0.1729879907874534 0.3596578095891754
0 0.4574742268041237 0.5526595744680851 0.14374912261460845 0.2988675360329444
0 0.7152061855670103 0.5606162368859692 0.15805258828690502 0.3286057456613393
0 0.24123423601177263 0.07058044906363369 0.04757446808510636 0.09891165800568678
