0 0.08311662972265449 0.3289555831956877 0.07815640873650175 0.1607488866243962
0 0.13900943476769875 0.3206502096875887 0.08875278976626871 0.181018405663896
0 1.2035292412465415 0.3264933302918088 0.11745229147349695 0.2398552667217249
0 1.278429449857765 0.3216442215473146 0.09763323228219367 0.24595521632566064
0 1.054190309854089 0.3084980390655957 0.14081836992043198 0.22171430919275226
0 0.1577395928007405 0.3258466694622735 0.05199973840640017 0.12120185860889783
0 0.08947493369328413 0.323804481031543 0.0524618736383442 0.12118144359192967
0 0.945285178080894 0.30593737837073226 0.09508212560386523 0.16342794821733053
0 0.9028883691409336 0.30939742291844285 0.0526609146577312 0.10748792270531404
0 0.8888008277423356 0.3943316082625443 0.21621454230149884 0.3985507246376811
0 1.111740059426558 0.3924129804382663 0.18141763840282188 0.3580874045385045
0 0.2735486900314979 0.3177060633665245 0.0607268848445706 0.12247778306770521
0 0.3414472250268008 0.32068957721748526 0.05562320822353766 0.11845720761018659
0 1.0255579278812974 0.3123379383173106 0.05402480919904207 0.10684470884141702
0 0.47262743745933783 0.3129986850523834 0.08225042231063094 0.15220144217107132
0 0.533065840342572 0.3129343469602532 0.060308463874679676 0.14411801542628525
