0 0.5020833333333333 0.36875 0.09495833333333333 0.16562500000000002
0 0.46979166666666666 0.36953125000000003 0.04747916666666666 0.08281250000000001
0 0.546875 0.36875 0.023291666666666665 0.040625
0 0.5989583333333334 0.37031250000000004 0.025083333333333332 0.043750000000000004
0 0.6916666666666667 0.3765625 0.16841666666666666 0.29375
0 0.9656681951089845 0.381216755319149 0.059125 0.10312500000000001
0 1.2312068048910156 0.36562500000000003 0.03225 0.05625
0 1.1397976475279106 0.36620678191489375 0.03385106382978721 0.05904255319148932
0 1.2960974880382776 0.36381316489361715 0.04025531914893615 0.07021276595744678
0 0.5831746743753322 0.3701961436170214 0.025617021276595736 0.044680851063829775
0 1.2418710127591703 0.36620678191489375 0.032021276595744684 0.055851063829787245
0 0.5688247607655502 0.3693982712765959 0.024702127659574472 0.04308510638297874
