0 0.0 0.0 0.0 0.0
0 0.0 0.0 0.0 0.0
0 0.0 0.0 0.0 0.0
0 0.0 0.0 0.0 0.0
0 0.0 0.0 0.0 0.0
0 0.0 0.0 0.0 0.0
0 0.28737113402061853 0.10368663594470046 0.05097938144329897 0.10599078341013825
0 0.3518041237113402 0.10368663594470046 0.04876288659793814 0.10138248847926268
0 0.0 0.0 0.0 0.0
0 0.0 0.0 0.0 0.0
0 0.0 0.0 0.0 0.0
0 0.0 0.0 0.0 0.0
0 0.3002577319587629 0.1889400921658986 0.07314432989690721 0.15207373271889402
0 0.17942172676301815 0.20506912442396313 0.07536082474226803 0.15668202764976957
0 0.0 0.0 0.0 0.0
0 0.2268041237113402 0.14631336405529954 0.05652061855670103 0.1175115207373272
0 0.3943298969072165 0.056451612903225805 0.03435567010309278 0.07142857142857142
0 0.0 0.0 0.0 0.0
0 0.0 0.0 0.0 0.0
0 0.2770618556701031 0.33640552995391704 0.1174742268041237 0.24423963133640553
