0 0.38125 0.37812500000000004 0.06808333333333333 0.11875000000000001
0 0.48020833333333335 0.38125000000000003 0.06808333333333333 0.11875000000000001
0 0.5677515284423178 0.38046875 0.04747916666666666 0.08281250000000001
0 0.6083333333333333 0.38046875 0.0510625 0.0890625
0 0.6572916666666666 0.37890625 0.04927083333333333 0.0859375
0 0.6854166666666667 0.38359375 0.05464583333333333 0.09531250000000001
0 0.7510416666666666 0.3828125 0.059125 0.10312500000000001
0 0.8385416666666666 0.4078125 0.15229166666666666 0.265625
0 0.9645833333333333 0.45937500000000003 0.1075 0.1875
0 0.9333333333333333 0.3921875 0.09854166666666667 0.171875
0 1.20625 0.39765625000000004 0.0833125 0.1453125
0 1.3166666666666667 0.41328125000000004 0.14960416666666668 0.2609375
0 1.1177083333333333 0.4234375 0.09316666666666666 0.1625
0 1.00625 0.3739777260638299 0.061536125886524906 0.10733045212765974
