0 0.0 0.0 0.0 0.0
0 0.0 0.0 0.0 0.0
0 0.0 0.0 0.0 0.0
0 0.0 0.0 0.0 0.0
0 0.0 0.0 0.0 0.0
0 0.0 0.0 0.0 0.0
0 0.0 0.0 0.0 0.0
0 0.5670103092783505 0.3076036866359447 0.06538659793814433 0.1359447004608295
0 0.5141752577319587 0.3421658986175115 0.07425257731958762 0.1543778801843318
0 0.42912371134020616 0.3064516129032258 0.05762886597938144 0.11981566820276497
0 0.3788659793814433 0.3790322580645161 0.06760309278350515 0.14055299539170507
0 0.36331779542577153 0.3548387096774194 0.06871134020618556 0.14285714285714285
0 0.3947933622716585 0.326036866359447 0.05873711340206185 0.12211981566820276
