0 0.0 0.0 0.0 0.0
0 0.2770618556701031 0.1693548387096774 0.07425257731958762 0.1543778801843318
0 0.3994845360824742 0.17050691244239632 0.07536082474226803 0.15668202764976957
0 0.41881443298969073 0.5615673105206394 0.15896748190392632 0.3305078929306795
0 0.27319587628865977 0.5529537209530346 0.16176403816626453 0.336322188449848
0 0.1420413439878985 0.3323732718894009 0.10362113402061855 0.2154377880184332
0 0.48439735115671084 0.36093979801941367 0.11226074797104625 0.23340033336601623
0 0.5773195876288659 0.3640552995391705 0.10860824742268041 0.22580645161290322
0 0.0 0.0 0.0 0.0
0 0.0 0.0 0.0 0.0
0 0.5322164948453608 0.4700460829493088 0.1551546391752577 0.3225806451612903
0 0.0 0.0 0.0 0.0
0 0.0 0.0 0.0 0.0
0 0.0 0.0 0.0 0.0
0 0.0 0.0 0.0 0.0
0 0.0 0.0 0.0 0.0
0 0.32603092783505155 0.06682027649769585 0.04432989690721649 0.09216589861751152
