0 0.5041666666666667 0.37760139627659584 0.059725398936170154 0.10417220744680843
0 0.553125 0.38464926861702137 0.06597717198581551 0.11507646276595729
0 0.615625 0.3765625 0.04120833333333333 0.07187500000000001
0 0.6458333333333334 0.37849900265957453 0.04794614361702121 0.08362699468085096
0 0.6833333333333333 0.38046875 0.04927083333333333 0.0859375
0 0.8583333333333333 0.38137466755319155 0.0786903812056737 0.13725066489361692
0 0.9 0.37818317819148944 0.0823499556737588 0.1436336436170212
0 1.0364583333333333 0.4076545877659575 0.2259310726950354 0.394065824468085
0 1.1645833333333333 0.38671875 0.0725625 0.1265625
0 1.236074689716312 0.43079288563829793 0.19939915780141837 0.3477892287234042
