0 0.034574503256246676 0.41953125 0.17647916666666666 0.30781250000000004
0 0.3072916666666667 0.38515625000000003 0.14064583333333333 0.24531250000000002
0 0.3645833333333333 0.375 0.10570833333333333 0.184375
0 0.553125 0.38671875 0.0671875 0.1171875
0 0.6458333333333334 0.41484375 0.04927083333333333 0.0859375
0 0.671875 0.38359375 0.0510625 0.0890625
0 0.73125 0.39453125 0.07972916666666666 0.1390625
0 0.8333333333333334 0.39687500000000003 0.10033333333333333 0.17500000000000002
0 0.8916666666666666 0.38828125 0.07614583333333333 0.1328125
0 0.9947916666666666 0.39453125 0.0725625 0.1265625
0 1.1604166666666667 0.39921875 0.07793749999999999 0.13593750000000002
0 1.28125 0.39687500000000003 0.10033333333333333 0.17500000000000002
0 0.9291666666666667 0.4296875 0.06629166666666667 0.115625
0 0.6364583333333333 0.38125000000000003 0.04479166666666667 0.078125
