0 0.23710063927854844 0.3175863292451368 0.056825366839753026 0.12339935480120903
0 0.15474390675486518 0.4159393689876648 0.3016490177659898 0.5804459735115194
0 0.2659663967036091 0.31744902671213415 0.06086068485365142 0.12874174126172208
0 0.36226659056936994 0.31626370240125035 0.07532543660043273 0.14171369707303214
0 0.9215531038351334 0.3069396634169469 0.06433279607132683 0.11313097759484228
0 0.20695831395799424 0.3172068874486554 0.04186795491143321 0.06077360885065489
0 0.14100780287960588 0.32184405193236715 0.06247655583972699 0.1254589371980675
0 0.5660609975475113 0.34202806695220095 0.22447914106529254 0.39407327610669574
0 0.5814206423757552 0.3783229134716152 0.20800211299406127 0.3837352708125654
0 1.157134095195125 0.3226787467130146 0.09934404791003809 0.21976134460213964
0 1.0190867903167455 0.32565141139359627 0.0923178441686204 0.2298459565900095
0 0.08884252562071179 0.3349902041882693 0.05142549936486426 0.09501944947665063
