0 0.0 0.0 0.0 0.0
0 0.45618556701030927 0.5520957937052652 0.180887201140601 0.3760809883321894
0 0.7051949226393068 0.5603613099323463 0.17110632814213644 0.35574566133934704
0 0.0 0.0 0.0 0.0
0 0.0 0.0 0.0 0.0
0 0.0 0.0 0.0 0.0
0 0.3091540061493941 0.1336405529953917 0.055412371134020616 0.1152073732718894
0 0.3634020618556701 0.13248847926267282 0.05652061855670103 0.1175115207373272
0 0.0 0.0 0.0 0.0
0 0.0 0.0 0.0 0.0
0 0.0 0.0 0.0 0.0
0 0.26804123711340205 0.23847926267281105 0.08311855670103092 0.1728110599078341
0 0.4329896907216495 0.23617511520737328 0.08311855670103092 0.1728110599078341
0 0.36211340206185566 0.23732718894009217 0.07757731958762885 0.16129032258064516
0 0.48711340206185566 0.2488479262672811 0.07757731958762885 0.16129032258064516
0 0.21649484536082475 0.10253456221198157 0.047654639175257724 0.09907834101382489
0 0.3530927835051546 0.06848465535836847 0.04593096073700372 0.09549465633885673
