0 0.31056701030927836 0.7178963623884695 0.158627933757403 0.32980194136680074
0 0.2706185567010309 0.14400921658986174 0.06760309278350515 0.14055299539170507
0 0.3556701030927835 0.14861751152073732 0.06760309278350515 0.14055299539170507
0 0.42046584948782445 0.3907858613589567 0.10550751261241496 0.2193597411510932
0 0.336340206185567 0.3951612903225806 0.11636597938144329 0.24193548387096775
0 0.22809278350515463 0.38018433179723504 0.1352061855670103 0.28110599078341014
0 0.45103092783505155 0.4573732718894009 0.1318814432989691 0.27419354838709675
0 0.5798969072164948 0.45852534562211983 0.1352061855670103 0.28110599078341014
0 0.2963917525773196 0.6423840572605157 0.16356552972143013 0.3400676536915384
0 0.17057888982061525 0.6775345622119816 0.1663479381443299 0.34585253456221204
0 0.5657216494845361 0.7035224041572703 0.1669657271331432 0.3471369742131581
0 0.0 0.0 0.0 0.0
0 0.0 0.0 0.0 0.0
0 0.0 0.0 0.0 0.0
0 0.0 0.0 0.0 0.0
0 0.0 0.0 0.0 0.0
0 0.3208762886597938 0.059954407294832875 0.0465015902610221 0.09668104716148633
