0 1.06875 0.42265625 0.09047916666666667 0.15781250000000002
0 0.8270833333333333 0.4078125 0.06270833333333332 0.109375
0 0.85 0.40703125 0.0564375 0.09843750000000001
0 0.7572916666666667 0.41171875 0.06360416666666667 0.11093750000000001
0 0.434375 0.42421875000000003 0.13347916666666665 0.2328125
0 0.303125 0.41171875 0.14960416666666668 0.2609375
0 0.15354034589314192 0.3973653590425532 0.142771054964539 0.24901928191489367
0 0.090625 0.40156250000000004 0.17379166666666668 0.30312500000000003
0 1.2395833333333333 0.42421875000000003 0.058229166666666665 0.1015625
0 1.125 0.40703125 0.043895833333333335 0.0765625
0 1.159375 0.40859375000000003 0.042104166666666665 0.0734375
0 0.5375 0.39375000000000004 0.03583333333333333 0.0625
