0 0.3625 0.259375 0.15139583333333334 0.26406250000000003
0 0.2505208333333333 0.256640625 0.15990625 0.27890625
0 0.4609375 0.21210937500000002 0.11063541666666665 0.19296875000000002
0 0.559375 0.203125 0.12272916666666665 0.21406250000000002
0 0.6192708333333333 0.2078125 0.1075 0.1875
0 0.6885416666666666 0.20468750000000002 0.11735416666666666 0.20468750000000002
0 0.7510416666666666 0.21250000000000002 0.11377083333333333 0.19843750000000002
0 0.8036458333333333 0.21250000000000002 0.11645833333333333 0.203125
0 0.8770833333333333 0.209765625 0.12317708333333333 0.21484375
0 1.0729166666666667 0.2590799534574469 0.07939084663120574 0.13847240691489376
0 0.9396732379462643 0.19870793269230758 0.10198717948717956 0.17788461538461553
