0 0.3374274486591361 0.47851259927443873 0.13853092783505155 0.2880184331797235
0 0.27963917525773196 0.11635944700460829 0.05873711340206185 0.12211981566820276
0 0.3543814432989691 0.11866359447004608 0.06095360824742268 0.12672811059907835
0 0.3556701030927835 0.28538827336013334 0.086129688528186 0.17907147759584272
0 0.24484536082474226 0.2799539170506912 0.09198453608247421 0.1912442396313364
0 0.6146907216494846 0.4861751152073733 0.1618041237113402 0.33640552995391704
0 0.6201793436261694 0.6873933718992058 0.18248119105066896 0.3793950387292871
0 0.0 0.0 0.0 0.0
0 0.0 0.0 0.0 0.0
0 0.0 0.0 0.0 0.0
0 0.0 0.0 0.0 0.0
0 0.0 0.0 0.0 0.0
0 0.0 0.0 0.0 0.0
0 0.0 0.0 0.0 0.0
0 0.0 0.0 0.0 0.0
0 0.23711340206185566 0.0478110599078341 0.044884020618556696 0.09331797235023041
0 0.447284154622733 0.6811697225218158 0.17931914893617013 0.37282086479066556
