0 0.0 0.0 0.0 0.0
0 0.4922680412371134 0.6518408667516423 0.18374506470717264 0.3820227473281695
0 0.7744845360824743 0.6599053828806746 0.17598733274840975 0.365893715070105
0 0.0 0.0 0.0 0.0
0 0.0 0.0 0.0 0.0
0 0.0 0.0 0.0 0.0
0 0.31958762886597936 0.1246127071281498 0.05781042991884183 0.12019315619178346
0 0.3698453608247423 0.12402196293754296 0.053195876288659794 0.11059907834101382
0 0.0 0.0 0.0 0.0
0 0.0 0.0 0.0 0.0
0 0.0 0.0 0.0 0.0
0 0.17692970124467683 0.21428571428571427 0.07757731958762885 0.16129032258064516
0 0.3956185567010309 0.20622119815668202 0.07425257731958762 0.1543778801843318
0 0.3118556701030928 0.21428571428571427 0.07314432989690721 0.15207373271889402
0 0.36082474226804123 0.2315668202764977 0.0720360824742268 0.1497695852534562
0 0.22036082474226804 0.1175115207373272 0.053195876288659794 0.11059907834101382
0 0.3948252190927178 0.058973919011667805 0.04593096073700366 0.0954946563388566
