0 0.0 0.0 0.0 0.0
0 0.0 0.0 0.0 0.0
0 0.0 0.0 0.0 0.0
0 0.0 0.0 0.0 0.0
0 0.0 0.0 0.0 0.0
0 0.0 0.0 0.0 0.0
0 0.2268041237113402 0.08410138248847926 0.0454381443298969 0.0944700460829493
0 0.3440721649484536 0.08755760368663594 0.04432989690721649 0.09216589861751152
0 0.0 0.0 0.0 0.0
0 0.0 0.0 0.0 0.0
0 0.0 0.0 0.0 0.0
0 0.0 0.0 0.0 0.0
0 0.0 0.0 0.0 0.0
0 0.0 0.0 0.0 0.0
0 0.0 0.0 0.0 0.0
0 0.23711340206185566 0.195852534562212 0.06871134020618556 0.14285714285714285
0 0.39924920666239166 0.05529953917050691 0.03324742268041237 0.06912442396313365
0 0.0 0.0 0.0 0.0
0 0.1401566533484602 0.33592263947445833 0.086907819697302 0.18068928326306494
0 0.547680412371134 0.5187003627806648 0.1709271221759157 0.3553730757917442
