0 0.0 0.0 0.0 0.0
0 0.4110824742268041 0.41935483870967744 0.14185567010309277 0.29493087557603687
0 0.6237113402061856 0.42626728110599077 0.1440721649484536 0.2995391705069124
0 0.0 0.0 0.0 0.0
0 0.0 0.0 0.0 0.0
0 0.0 0.0 0.0 0.0
0 0.3170103092783505 0.1532258064516129 0.06095360824742268 0.12672811059907835
0 0.375 0.1543778801843318 0.06206185567010309 0.12903225806451613
0 0.0 0.0 0.0 0.0
0 0.0 0.0 0.0 0.0
0 0.0 0.0 0.0 0.0
0 0.29381443298969073 0.29723502304147464 0.09752577319587628 0.20276497695852536
0 0.49097938144329895 0.2960829493087558 0.09641752577319587 0.20046082949308755
0 0.4162371134020618 0.3027625257378175 0.0895440337793376 0.1861702127659575
0 0.5880758891135993 0.30581674673987647 0.09026557359069974 0.18767035983919997
0 0.23324742268041238 0.08179723502304148 0.041005154639175256 0.08525345622119816
0 0.19101966490734804 0.07142857142857142 0.04876288659793814 0.10138248847926268
