0 0.0 0.0 0.0 0.0
0 0.2809278350515464 0.19350671634473968 0.07753723404255318 0.1612069810765761
0 0.45489690721649484 0.19930875576036866 0.0809020618556701 0.16820276497695852
0 0.0 0.0 0.0 0.0
0 0.3877560877357404 0.29377880184331795 0.09420103092783504 0.195852534562212
0 0.48711340206185566 0.2926267281105991 0.09530927835051545 0.19815668202764977
0 0.0 0.0 0.0 0.0
0 0.0 0.0 0.0 0.0
0 0.28238605534454697 0.3294930875576037 0.11304123711340205 0.2350230414746544
0 0.0 0.0 0.0 0.0
0 0.0 0.0 0.0 0.0
0 0.0 0.0 0.0 0.0
0 0.0 0.0 0.0 0.0
0 0.0 0.0 0.0 0.0
0 0.25 0.07142857142857142 0.04876288659793814 0.10138248847926268
