0 0.0 0.0 0.0 0.0
0 0.2706185567010309 0.15898617511520738 0.06871134020618556 0.14285714285714285
0 0.38273195876288657 0.16359447004608296 0.07314432989690721 0.15207373271889402
0 0.4265463917525773 0.4700460829493088 0.126340206185567 0.2626728110599078
0 0.2744845360824742 0.4815668202764977 0.13742268041237113 0.2857142857142857
0 0.26417525773195877 0.33570202961074613 0.1145809936389559 0.2382243357191881
0 0.5077319587628866 0.39285714285714285 0.12079896907216493 0.2511520737327189
0 0.6108247422680412 0.39303608196882045 0.11432161658258387 0.23768506716344734
0 0.6019551867015241 0.7200534366114325 0.14740398113621409 0.30646632022747333
0 0.6153350515463918 0.5397857633101284 0.15796298530379463 0.32841945288753793
0 0.0 0.0 0.0 0.0
0 0.0 0.0 0.0 0.0
0 0.0 0.0 0.0 0.0
0 0.0 0.0 0.0 0.0
0 0.0 0.0 0.0 0.0
0 0.3324742268041237 0.06566820276497695 0.04322164948453608 0.08986175115207373
