0 0.0 0.0 0.0 0.0
0 0.3440721649484536 0.28112805176978134 0.09754699495503398 0.20280909893126778
0 0.5347938144329897 0.27880184331797236 0.09530927835051545 0.19815668202764977
0 0.0 0.0 0.0 0.0
0 0.0 0.0 0.0 0.0
0 0.0 0.0 0.0 0.0
0 0.31698461829362534 0.19831601137366411 0.07108110331212987 0.14778409648004712
0 0.39304123711340205 0.20046082949308755 0.07314432989690721 0.15207373271889402
0 0.0 0.0 0.0 0.0
0 0.0 0.0 0.0 0.0
0 0.0 0.0 0.0 0.0
0 0.3427835051546392 0.4535150504951465 0.1352061855670103 0.28110599078341014
0 0.5502577319587629 0.4596774193548387 0.14074742268041238 0.2926267281105991
0 0.4252577319587629 0.46774193548387094 0.13077319587628866 0.271889400921659
0 0.6533505154639175 0.47465437788018433 0.12855670103092784 0.2672811059907834
0 0.24871134020618557 0.0576036866359447 0.037680412371134016 0.07834101382488479
