0 0.30095036090695343 0.6408299833316992 0.16872005922351388 0.35078439062653194
0 0.2551546391752577 0.1359447004608295 0.06427835051546392 0.1336405529953917
0 0.3634020618556701 0.13709677419354838 0.0631701030927835 0.1313364055299539
0 0.40162510892977527 0.35278213550348075 0.09998042333845143 0.20786841847239929
0 0.28962885775826636 0.3578046867339935 0.1134468085106383 0.23586626139817632
0 0.26804123711340205 0.39285714285714285 0.1340979381443299 0.27880184331797236
0 0.4252577319587629 0.529819099911756 0.163890930028515 0.3407441906069222
0 0.5579896907216495 0.5368786155505442 0.16624890326826056 0.3456466320227473
0 0.0 0.0 0.0 0.0
0 0.0 0.0 0.0 0.0
0 0.0 0.0 0.0 0.0
0 0.0 0.0 0.0 0.0
0 0.0 0.0 0.0 0.0
0 0.0 0.0 0.0 0.0
0 0.0 0.0 0.0 0.0
0 0.0 0.0 0.0 0.0
0 0.26730904404873473 0.051558976370232386 0.04391489361702126 0.09130306892832626
