0 0.2744845360824742 0.15092165898617513 0.06760309278350515 0.14055299539170507
0 0.3672680412371134 0.1532258064516129 0.06981958762886598 0.14516129032258066
0 0.4020618556701031 0.41589861751152074 0.11414948453608247 0.23732718894009217
0 0.30412371134020616 0.4216589861751152 0.12412371134020618 0.25806451612903225
0 0.23878126079021358 0.37557603686635943 0.13077319587628866 0.271889400921659
0 0.4948453608247423 0.43548387096774194 0.126340206185567 0.2626728110599078
0 0.6005154639175257 0.4308755760368664 0.126340206185567 0.2626728110599078
0 0.4742268041237113 0.6561550151975684 0.16129715946479486 0.3353515050495146
0 0.2770618556701031 0.6930605941758996 0.15690189734590917 0.3262133542504167
0 0.6404639175257731 0.6402809098931268 0.16375888352708926 0.34046965388763606
0 0.0 0.0 0.0 0.0
0 0.0 0.0 0.0 0.0
0 0.0 0.0 0.0 0.0
0 0.0 0.0 0.0 0.0
0 0.0 0.0 0.0 0.0
0 0.3337628865979381 0.06280762819884304 0.04375690940995831 0.090974605353466
