0 0.36354166666666665 0.38203125000000004 0.12810416666666666 0.2234375
0 0.4947916666666667 0.39609375 0.15139583333333334 0.26406250000000003
0 0.565625 0.37890625 0.05464583333333333 0.09531250000000001
0 0.6708333333333333 0.3765625 0.04120833333333333 0.07187500000000001
0 0.7041666666666666 0.37343750000000003 0.03045833333333333 0.053125000000000006
0 0.734375 0.37343750000000003 0.043000000000000003 0.07500000000000001
0 0.7895833333333333 0.37578125 0.0456875 0.07968750000000001
0 0.8885416666666667 0.3875 0.0645 0.1125
0 0.9927083333333333 0.3875 0.166625 0.290625
0 1.0738020168793194 0.390625 0.12362499999999998 0.215625
0 0.6104166666666666 0.371875 0.034041666666666665 0.059375000000000004
0 0.634375 0.371875 0.03225 0.05625
