0 0.0 0.0 0.0 0.0
0 0.4742268041237113 0.6135822139425434 0.19127171528844045 0.3976713403274831
0 0.7396907216494846 0.6197445828022354 0.18168419609563496 0.37773801353073827
0 0.0 0.0 0.0 0.0
0 0.0 0.0 0.0 0.0
0 0.0 0.0 0.0 0.0
0 0.30927835051546393 0.12557603686635946 0.05652061855670103 0.1175115207373272
0 0.36597938144329895 0.12521570742229632 0.05174100679973679 0.10757427198744977
0 0.0 0.0 0.0 0.0
0 0.0 0.0 0.0 0.0
0 0.0 0.0 0.0 0.0
0 0.2190721649484536 0.22235023041474655 0.07868556701030928 0.16359447004608296
0 0.41950706193788123 0.21699186194724968 0.07757731958762885 0.16129032258064516
0 0.34149484536082475 0.22350230414746544 0.07314432989690721 0.15207373271889402
0 0.43427835051546393 0.23732718894009217 0.07536082474226803 0.15668202764976957
0 0.211340206185567 0.10944700460829493 0.04987113402061856 0.10368663594470046
0 0.37922668080698463 0.07228894989704872 0.04959053520508882 0.10310324541621725
