0 0.0 0.0 0.0 0.0
0 0.4587628865979381 0.5257598784194529 0.1732850954156613 0.36027551720756934
0 0.7139175257731959 0.5305691734483773 0.16682896468523795 0.3468526326110402
0 0.0 0.0 0.0 0.0
0 0.0 0.0 0.0 0.0
0 0.0 0.0 0.0 0.0
0 0.31443298969072164 0.1359447004608295 0.05762886597938144 0.11981566820276497
0 0.3711340206185567 0.1347926267281106 0.054304123711340205 0.11290322580645161
0 0.0 0.0 0.0 0.0
0 0.0 0.0 0.0 0.0
0 0.0 0.0 0.0 0.0
0 0.2757731958762887 0.2465437788018433 0.08422680412371134 0.17511520737327188
0 0.4368556701030928 0.2465437788018433 0.08201030927835051 0.17050691244239632
0 0.3711340206185567 0.2511520737327189 0.07757731958762885 0.16129032258064516
0 0.4961340206185567 0.2569124423963134 0.07868556701030928 0.16359447004608296
0 0.2190721649484536 0.097926267281106 0.0454381443298969 0.0944700460829493
0 0.3208762886597938 0.06753358172369836 0.04501606711998241 0.09359250906951654
