0 0.0 0.0 0.0 0.0
0 0.34664948453608246 0.2992523776840867 0.10389937486290855 0.2160162761055006
0 0.547680412371134 0.30420874595548586 0.10645070190831324 0.22132071771742332
0 0.0 0.0 0.0 0.0
0 0.0 0.0 0.0 0.0
0 0.0 0.0 0.0 0.0
0 0.30412371134020616 0.1923963133640553 0.0720360824742268 0.1497695852534562
0 0.38788659793814434 0.19470046082949308 0.0720360824742268 0.1497695852534562
0 0.0 0.0 0.0 0.0
0 0.0 0.0 0.0 0.0
0 0.0 0.0 0.0 0.0
0 0.33505154639175255 0.4228110599078341 0.1252319587628866 0.26036866359447003
0 0.5682989690721649 0.43317972350230416 0.13077319587628866 0.271889400921659
0 0.4265463917525773 0.4400921658986175 0.12190721649484536 0.2534562211981567
0 0.6817010309278351 0.4400921658986175 0.11969072164948452 0.2488479262672811
0 0.24484536082474226 0.06221198156682028 0.037680412371134016 0.07834101382488479
