0 0.09461888623072832 0.3851230053191489 0.0725625 0.1265625
0 0.359375 0.37343750000000003 0.050166666666666665 0.08750000000000001
0 0.640625 0.380859375 0.04882291666666666 0.08515625
0 1.24375 0.40625 0.102125 0.178125
0 1.3072916666666667 0.39296875000000003 0.0725625 0.1265625
0 0.6177083333333333 0.390625 0.04120833333333333 0.07187500000000001
0 0.3349066321105794 0.37418550531914896 0.04482978723404257 0.07819148936170217
0 0.5358635699096225 0.37657912234042556 0.032936170212766 0.057446808510638374
0 0.8069959463051567 0.37578124999999996 0.03934042553191489 0.06861702127659575
0 0.777224548112706 0.3733876329787234 0.036595744680851104 0.06382978723404263
0 0.2718583864965443 0.3709940159574468 0.037510638297872316 0.06542553191489357
0 0.23921285220627325 0.3725897606382979 0.037510638297872365 0.06542553191489367
0 0.447612639553429 0.36860039893617025 0.03476595744680853 0.06063829787234046
0 0.19030269803296118 0.3725897606382979 0.030191489361702156 0.05265957446808516
