0 0.0 0.0 0.0 0.0
0 0.4587628865979381 0.5580571624669085 0.17332282298749727 0.3603539562702226
0 0.7139175257731959 0.5653176782037455 0.17365765518754112 0.36105010295126977
0 0.0 0.0 0.0 0.0
0 0.0 0.0 0.0 0.0
0 0.0 0.0 0.0 0.0
0 0.30412371134020616 0.12903225806451613 0.055412371134020616 0.1152073732718894
0 0.3634020618556701 0.13018433179723501 0.054304123711340205 0.11290322580645161
0 0.0 0.0 0.0 0.0
0 0.0 0.0 0.0 0.0
0 0.0 0.0 0.0 0.0
0 0.2615979381443299 0.2315668202764977 0.0809020618556701 0.16820276497695852
0 0.4329896907216495 0.2350230414746544 0.08201030927835051 0.17050691244239632
0 0.36211340206185566 0.23732718894009217 0.07757731958762885 0.16129032258064516
0 0.4780927835051546 0.24769585253456222 0.07868556701030928 0.16359447004608296
0 0.21649484536082475 0.10253456221198157 0.047654639175257724 0.09907834101382489
0 0.35695876288659795 0.06848465535836847 0.04593096073700372 0.09549465633885673
