0 0.0 0.0 0.0 0.0
0 0.2706185567010309 0.16013824884792627 0.06981958762886598 0.14516129032258066
0 0.384020618556701 0.16244239631336405 0.0720360824742268 0.1497695852534562
0 0.4304123711340206 0.4827188940092166 0.12744845360824741 0.26497695852534564
0 0.2757731958762887 0.49078341013824883 0.14185567010309277 0.29493087557603687
0 0.2603092783505155 0.3324468085106383 0.11588259486729546 0.24093048338072362
0 0.5057085368059323 0.3859447004608295 0.11858247422680411 0.2465437788018433
0 0.5992268041237113 0.3878787135993725 0.11379343057688089 0.2365869202863026
0 0.6056701030927835 0.7379032258064516 0.1512757731958763 0.31451612903225806
0 0.6018041237113402 0.5237645847632121 0.15141725159026098 0.31481027551720747
0 0.0 0.0 0.0 0.0
0 0.0 0.0 0.0 0.0
0 0.0 0.0 0.0 0.0
0 0.0 0.0 0.0 0.0
0 0.0 0.0 0.0 0.0
0 0.33118556701030927 0.06566820276497695 0.04322164948453608 0.08986175115207373
