0 0.0 0.0 0.0 0.0
0 0.375 0.3433179723502304 0.12190721649484536 0.2534562211981567
0 0.5876288659793815 0.347926267281106 0.12412371134020618 0.25806451612903225
0 0.0 0.0 0.0 0.0
0 0.0 0.0 0.0 0.0
0 0.0 0.0 0.0 0.0
0 0.2822164948453608 0.17511520737327188 0.06649484536082474 0.1382488479262673
0 0.3788659793814433 0.17511520737327188 0.06649484536082474 0.1382488479262673
0 0.0 0.0 0.0 0.0
0 0.0 0.0 0.0 0.0
0 0.0 0.0 0.0 0.0
0 0.2899484536082474 0.3617511520737327 0.10860824742268041 0.22580645161290322
0 0.6862596392574688 0.3629032258064516 0.11636597938144329 0.24193548387096775
0 0.45489690721649484 0.3721198156682028 0.10528350515463918 0.21889400921658986
0 0.7422680412371134 0.3709677419354839 0.09752577319587628 0.20276497695852536
0 0.24742268041237114 0.07027649769585254 0.03878865979381443 0.08064516129032258
0 0.18150372416514576 0.07162221786449653 0.04857660671199823 0.10099519560741246
