0 0.0 0.0 0.0 0.0
0 0.3698453608247423 0.33294930875576034 0.11858247422680411 0.2465437788018433
0 0.5927835051546392 0.33640552995391704 0.12190721649484536 0.2534562211981567
0 0.0 0.0 0.0 0.0
0 0.0 0.0 0.0 0.0
0 0.0 0.0 0.0 0.0
0 0.27835051546391754 0.18202764976958524 0.07092783505154639 0.14746543778801843
0 0.38917525773195877 0.18087557603686635 0.06760309278350515 0.14055299539170507
0 0.0 0.0 0.0 0.0
0 0.0 0.0 0.0 0.0
0 0.0 0.0 0.0 0.0
0 0.31572164948453607 0.3813364055299539 0.11858247422680411 0.2465437788018433
0 0.6443298969072165 0.3859447004608295 0.12301546391752577 0.2557603686635945
0 0.4162371134020618 0.39285714285714285 0.11414948453608247 0.23732718894009217
0 0.7448453608247423 0.38940092165898615 0.10639175257731959 0.22119815668202764
0 0.24742268041237114 0.06682027649769585 0.037680412371134016 0.07834101382488479
0 0.18170103092783504 0.07949308755760369 0.041005154639175256 0.08525345622119816
