0 0.10104166666666667 0.38046875 0.1424375 0.2484375
0 0.21979166666666666 0.37343750000000003 0.14691666666666667 0.25625000000000003
0 0.3052083333333333 0.37734375000000003 0.11197916666666667 0.1953125
0 0.4270833333333333 0.3828125 0.09316666666666666 0.1625
0 0.4739583333333333 0.36484375 0.04927083333333333 0.0859375
0 0.3520833333333333 0.36875 0.05733333333333333 0.1
0 0.5822916666666667 0.36953125000000003 0.04747916666666666 0.08281250000000001
0 0.5375 0.36328125 0.042104166666666665 0.0734375
0 1.3022561137692716 0.36640625000000004 0.05464583333333333 0.09531250000000001
0 0.7145833333333333 0.3671875 0.03583333333333333 0.0625
