0 0.0 0.0 0.0 0.0
0 0.27319587628865977 0.17626728110599077 0.07425257731958762 0.1543778801843318
0 0.42010309278350516 0.17626728110599077 0.07425257731958762 0.1543778801843318
0 0.4506887239185123 0.6129939209726443 0.15524188418512827 0.3227620354936757
0 0.31443298969072164 0.6115869202863026 0.16940387146304015 0.3522060986371213
0 0.0 0.0 0.0 0.0
0 0.4458762886597938 0.3395602510050005 0.10720996929151128 0.2228993038533189
0 0.547680412371134 0.33986175115207373 0.10971649484536082 0.22811059907834103
0 0.0 0.0 0.0 0.0
0 0.0 0.0 0.0 0.0
0 0.4381443298969072 0.40064467104618096 0.12164076551875407 0.2529022453181684
0 0.0 0.0 0.0 0.0
0 0.0 0.0 0.0 0.0
0 0.0 0.0 0.0 0.0
0 0.0 0.0 0.0 0.0
0 0.0 0.0 0.0 0.0
0 0.3234536082474227 0.06797235023041474 0.0454381443298969 0.0944700460829493
