0 0.0 0.0 0.0 0.0
0 0.4793814432989691 0.634613687616433 0.18933817723184906 0.39365133836650645
0 0.7564432989690721 0.6495906461417785 0.17493096073700368 0.36369742131581523
0 0.0 0.0 0.0 0.0
0 0.0 0.0 0.0 0.0
0 0.0 0.0 0.0 0.0
0 0.3165879494894688 0.12386263359152862 0.05487239526211892 0.11408471418766554
0 0.3634020618556701 0.12211981566820276 0.053195876288659794 0.11059907834101382
0 0.0 0.0 0.0 0.0
0 0.0 0.0 0.0 0.0
0 0.0 0.0 0.0 0.0
0 0.18685567010309279 0.21658986175115208 0.07757731958762885 0.16129032258064516
0 0.3956185567010309 0.2119815668202765 0.07757731958762885 0.16129032258064516
0 0.33118556701030927 0.22004608294930875 0.0720360824742268 0.1497695852534562
0 0.3956185567010309 0.23271889400921658 0.07314432989690721 0.15207373271889402
0 0.21391752577319587 0.1175115207373272 0.053195876288659794 0.11059907834101382
0 0.38917525773195877 0.06658250808902832 0.04410117350296116 0.09169036180017646
