0 0.052083333333333336 0.39687500000000003 0.19170833333333331 0.33437500000000003
0 0.303125 0.38984375000000004 0.04747916666666666 0.08281250000000001
0 0.35833333333333334 0.38984375000000004 0.043895833333333335 0.0765625
0 0.403125 0.38203125000000004 0.0456875 0.07968750000000001
0 0.5033844032429559 0.41644780585106383 0.21405651595744685 0.37335438829787243
0 0.6340178345959595 0.400889295212766 0.10289694148936171 0.1794714095744681
0 0.703125 0.39296875000000003 0.21052083333333332 0.3671875
0 1.109375 0.38984375000000004 0.07793749999999999 0.13593750000000002
0 1.1729166666666666 0.38515625000000003 0.07972916666666666 0.1390625
0 0.23921285220627325 0.38375997340425533 0.037510638297872316 0.06542553191489357
