0 0.4822916666666667 0.37812500000000004 0.06091666666666666 0.10625000000000001
0 0.5614583333333333 0.38203125000000004 0.04927083333333333 0.0859375
0 0.6125 0.38359375 0.0510625 0.0890625
0 0.64375 0.40468750000000003 0.037625 0.065625
0 0.68125 0.38828125 0.0564375 0.09843750000000001
0 0.7229166666666667 0.38828125 0.06897916666666666 0.1203125
0 0.7875 0.41015625 0.04747916666666666 0.08281250000000001
0 0.765625 0.38671875 0.043895833333333335 0.0765625
0 0.9833333333333333 0.38984375000000004 0.07793749999999999 0.13593750000000002
0 1.0114583333333333 0.38984375000000004 0.07077083333333332 0.1234375
0 1.0875 0.39453125 0.0725625 0.1265625
