0 0.3054123711340206 0.5344273948426316 0.1594579403377933 0.331527600745171
0 0.2770618556701031 0.11981566820276497 0.05984536082474226 0.12442396313364056
0 0.36211340206185566 0.12327188940092165 0.06095360824742268 0.12672811059907835
0 0.3543814432989691 0.2995391705069124 0.08865979381443298 0.18433179723502305
0 0.25644329896907214 0.2995391705069124 0.09530927835051545 0.19815668202764977
0 0.4845360824742268 0.44930875576036866 0.14850515463917524 0.3087557603686636
0 0.43943298969072164 0.6313584665163252 0.19063977846018867 0.39635748602804205
0 0.6301546391752577 0.6384719090106874 0.18196715288440446 0.3783263065006373
0 0.0 0.0 0.0 0.0
0 0.0 0.0 0.0 0.0
0 0.0 0.0 0.0 0.0
0 0.0 0.0 0.0 0.0
0 0.0 0.0 0.0 0.0
0 0.0 0.0 0.0 0.0
0 0.0 0.0 0.0 0.0
0 0.0 0.0 0.0 0.0
0 0.23818111938703365 0.048963133640553 0.04599226804123711 0.0956221198156682
