0 0.8527199074074074 0.5699558752417796 0.1710851063829787 0.325531914893617
0 0.8712384259259259 0.5142498791102516 0.1692553191489362 0.32205029013539666
0 0.8351760477582848 0.4158939796905223 0.13906382978723403 0.2646034816247582
0 0.7650006091617934 0.4124123549323018 0.1408936170212766 0.2680851063829788
0 0.756228679337232 0.5708262814313347 0.17382978723404252 0.3307543520309478
0 0.4804002192982457 0.5273059719535784 0.16834042553191494 0.3203094777562864
0 0.4881974902534113 0.44896941489361714 0.15370212765957447 0.2924564796905223
0 0.691901193957115 0.40109707446808524 0.13631914893617023 0.2593810444874275
0 0.6353709795321638 0.48900809961315284 0.17382978723404252 0.3307543520309478
0 0.6110045077972711 0.5534181576402322 0.17017021276595748 0.3237911025145069
