0 0.0 0.0 0.0 0.0
0 0.375 0.3675115207373272 0.12744845360824741 0.26497695852534564
0 0.5837628865979382 0.36981566820276496 0.12966494845360826 0.2695852534562212
0 0.0 0.0 0.0 0.0
0 0.0 0.0 0.0 0.0
0 0.0 0.0 0.0 0.0
0 0.2963917525773196 0.16705069124423963 0.0631701030927835 0.1313364055299539
0 0.37371134020618557 0.17050691244239632 0.06427835051546392 0.1336405529953917
0 0.0 0.0 0.0 0.0
0 0.0 0.0 0.0 0.0
0 0.0 0.0 0.0 0.0
0 0.2809278350515464 0.33640552995391704 0.10639175257731959 0.22119815668202764
0 0.634020618556701 0.33986175115207373 0.1075 0.22350230414746544
0 0.48195876288659795 0.3490783410138249 0.10306701030927835 0.21428571428571427
0 0.6894329896907216 0.3490783410138249 0.10085051546391753 0.20967741935483872
0 0.23969072164948454 0.07603686635944701 0.039896907216494845 0.08294930875576037
