0 0.5020833333333333 0.3765625 0.06091666666666666 0.10625000000000001
0 0.5604166666666667 0.384375 0.06629166666666667 0.115625
0 0.6135416666666667 0.3765625 0.04120833333333333 0.07187500000000001
0 0.6479166666666667 0.38006150265957456 0.04973781028368788 0.08675199468085096
0 0.6833333333333333 0.38046875 0.0456875 0.07968750000000001
0 0.8480030568846358 0.38115857712765966 0.06977016843971638 0.12169215425531928
0 0.9729166666666667 0.41008976063829805 0.19029787234042556 0.33191489361702137
0 1.1583333333333332 0.412890625 0.1715520833333333 0.29921875
0 1.2737689393939393 0.3717918882978725 0.03476595744680853 0.06063829787234046
0 1.2918444311536417 0.37099401595744697 0.03385106382978727 0.05904255319148941
