0 0.0 0.0 0.0 0.0
0 0.3582474226804124 0.2972031571722718 0.09306212985303793 0.19348465535836845
0 0.5644329896907216 0.3191244239631336 0.11414948453608247 0.23732718894009217
0 0.0 0.0 0.0 0.0
0 0.0 0.0 0.0 0.0
0 0.0 0.0 0.0 0.0
0 0.2912371134020619 0.18778801843317972 0.06981958762886598 0.14516129032258066
0 0.3904639175257732 0.18915334836748704 0.06891648387804344 0.1432836552603197
0 0.0 0.0 0.0 0.0
0 0.0 0.0 0.0 0.0
0 0.0 0.0 0.0 0.0
0 0.32603092783505155 0.4055299539170507 0.126340206185567 0.2626728110599078
0 0.6069587628865979 0.4147465437788018 0.13077319587628866 0.271889400921659
0 0.42912371134020616 0.4147465437788018 0.1174742268041237 0.24423963133640553
0 0.7246933524063202 0.41589861751152074 0.11414948453608247 0.23732718894009217
0 0.24355670103092783 0.06336405529953917 0.036572164948453605 0.07603686635944701
