0 1.0854166666666667 0.42265625 0.34131249999999996 0.5953125
0 1.19375 0.40546875000000004 0.2015625 0.3515625
0 1.2885416666666667 0.41875 0.209625 0.36562500000000003
0 0.7666666666666666 0.39375000000000004 0.07166666666666666 0.125
0 0.8979166666666667 0.3875 0.059125 0.10312500000000001
0 0.03229166666666666 0.37109375 0.04747916666666666 0.08281250000000001
0 0.15729166666666666 0.37265625 0.05285416666666667 0.0921875
0 0.665711390217969 0.38515625000000003 0.04927083333333333 0.0859375
0 0.7135416666666666 0.38671875 0.043895833333333335 0.0765625
0 0.6980462519936204 0.38671875 0.0403125 0.0703125
0 0.6544817002259437 0.3796875 0.04479166666666667 0.078125
0 0.27004751461988297 0.37418550531914896 0.03934042553191489 0.06861702127659575
0 0.2147577751196172 0.36860039893617025 0.027446808510638313 0.04787234042553195
0 0.8123122674109515 0.38854720744680854 0.030191489361702104 0.05265957446808507
0 0.19455575491759702 0.36620678191489364 0.030191489361702156 0.05265957446808516
