0 0.0 0.0 0.0 0.0
0 0.27319587628865977 0.1693548387096774 0.07425257731958762 0.1543778801843318
0 0.3943298969072165 0.1693548387096774 0.07425257731958762 0.1543778801843318
0 0.42912371134020616 0.5545077948818512 0.15660950866418072 0.32560545151485437
0 0.2693298969072165 0.5556059417589959 0.16653186005703002 0.3462349249926463
0 0.14788861211134677 0.3238136091773703 0.11185517657381007 0.2325571134424944
0 0.48582474226804123 0.36189087165408373 0.11317564158806757 0.23530248063535641
0 0.5811855670103092 0.3663594470046083 0.10639175257731959 0.22119815668202764
0 0.0 0.0 0.0 0.0
0 0.0 0.0 0.0 0.0
0 0.5515463917525774 0.47580645161290325 0.1540463917525773 0.32027649769585254
0 0.0 0.0 0.0 0.0
0 0.0 0.0 0.0 0.0
0 0.0 0.0 0.0 0.0
0 0.0 0.0 0.0 0.0
0 0.0 0.0 0.0 0.0
0 0.327319587628866 0.06682027649769585 0.04432989690721649 0.09216589861751152
