0 0.5354166666666667 0.38203125000000004 0.07793749999999999 0.13593750000000002
0 0.6333333333333333 0.38203125000000004 0.08510416666666668 0.1484375
0 0.7520833333333333 0.39140625 0.0886875 0.1546875
0 0.23958333333333334 0.37109375 0.08152083333333333 0.1421875
0 1.1395833333333334 0.403125 0.10929166666666666 0.19062500000000002
0 1.23125 0.403125 0.10929166666666666 0.19062500000000002
0 0.8354166666666667 0.38359375 0.05285416666666667 0.0921875
0 0.328125 0.3765625 0.06091666666666666 0.10625000000000001
0 0.8875 0.39375000000000004 0.06987499999999999 0.12187500000000001
0 0.46568813131313125 0.37737699468085123 0.050319148936170205 0.08776595744680851
