0 0.0 0.0 0.0 0.0
0 0.3170103092783505 0.2684331797235023 0.10085051546391753 0.20967741935483872
0 0.5103092783505154 0.271889400921659 0.10417525773195876 0.21658986175115208
0 0.0 0.0 0.0 0.0
0 0.0 0.0 0.0 0.0
0 0.0 0.0 0.0 0.0
0 0.34664948453608246 0.2108294930875576 0.07425257731958762 0.1543778801843318
0 0.42912371134020616 0.2154377880184332 0.07646907216494844 0.15898617511520738
0 0.0 0.0 0.0 0.0
0 0.0 0.0 0.0 0.0
0 0.16941046383531455 0.2108294930875576 0.0809020618556701 0.16820276497695852
0 0.3440721649484536 0.5086405529953917 0.15681701030927833 0.326036866359447
0 0.586340206185567 0.5144009216589862 0.1512757731958763 0.31451612903225806
0 0.4587628865979381 0.5205632905186783 0.14168825400307083 0.2945828022355133
0 0.6791237113402062 0.5289758799882341 0.14091483878043431 0.29297480145112265
0 0.2538659793814433 0.05529953917050691 0.03546391752577319 0.07373271889400922
