0 0.0 0.0 0.0 0.0
0 0.0 0.0 0.0 0.0
0 0.0 0.0 0.0 0.0
0 0.0 0.0 0.0 0.0
0 0.0 0.0 0.0 0.0
0 0.0 0.0 0.0 0.0
0 0.3079896907216495 0.10599078341013825 0.04876288659793814 0.10138248847926268
0 0.36082474226804123 0.10829493087557604 0.04876288659793814 0.10138248847926268
0 0.0 0.0 0.0 0.0
0 0.0 0.0 0.0 0.0
0 0.0 0.0 0.0 0.0
0 0.0 0.0 0.0 0.0
0 0.3376288659793814 0.18778801843317972 0.07425257731958762 0.1543778801843318
0 0.2384020618556701 0.19470046082949308 0.06760309278350515 0.14055299539170507
0 0.1958762886597938 0.21774193548387097 0.0720360824742268 0.1497695852534562
0 0.23324742268041238 0.13940092165898618 0.054304123711340205 0.11290322580645161
0 0.3943298969072165 0.056451612903225805 0.03435567010309278 0.07142857142857142
0 0.0 0.0 0.0 0.0
0 0.0 0.0 0.0 0.0
0 0.15463917525773196 0.43202764976958524 0.007757731958762886 0.016129032258064516
