0 0.0 0.0 0.0 0.0
0 0.3582474226804124 0.3191244239631336 0.11414948453608247 0.23732718894009217
0 0.5823735181440011 0.3225806451612903 0.11304123711340205 0.2350230414746544
0 0.0 0.0 0.0 0.0
0 0.0 0.0 0.0 0.0
0 0.0 0.0 0.0 0.0
0 0.28350515463917525 0.18317972350230416 0.06981958762886598 0.14516129032258066
0 0.3917525773195876 0.18317972350230416 0.06538659793814433 0.1359447004608295
0 0.0 0.0 0.0 0.0
0 0.0 0.0 0.0 0.0
0 0.0 0.0 0.0 0.0
0 0.3337628865979381 0.3951612903225806 0.11858247422680411 0.2465437788018433
0 0.6121134020618556 0.39976958525345624 0.12744845360824741 0.26497695852534564
0 0.42912371134020616 0.4078341013824885 0.1174742268041237 0.24423963133640553
0 0.7271298853976553 0.40898617511520735 0.11193298969072164 0.23271889400921658
0 0.24484536082474226 0.06336405529953917 0.036572164948453605 0.07603686635944701
0 0.18041237113402062 0.07949308755760369 0.041005154639175256 0.08525345622119816
