0 0.0 0.0 0.0 0.0
0 0.4677835051546392 0.6034684773016963 0.18819220223733277 0.3912687518384156
0 0.7280927835051546 0.6134351407000687 0.1822642575126124 0.3789440141190313
0 0.0 0.0 0.0 0.0
0 0.0 0.0 0.0 0.0
0 0.0 0.0 0.0 0.0
0 0.3079896907216495 0.12557603686635946 0.05652061855670103 0.1175115207373272
0 0.3631040464328581 0.12327188940092165 0.04987113402061856 0.10368663594470046
0 0.0 0.0 0.0 0.0
0 0.0 0.0 0.0 0.0
0 0.0 0.0 0.0 0.0
0 0.22551546391752578 0.22465437788018433 0.0809020618556701 0.16820276497695852
0 0.4162371134020618 0.22580645161290322 0.07979381443298969 0.16589861751152074
0 0.35051546391752575 0.2269585253456221 0.07646907216494844 0.15898617511520738
0 0.44458762886597936 0.23732718894009217 0.07536082474226803 0.15668202764976957
0 0.211340206185567 0.10944700460829493 0.04987113402061856 0.10368663594470046
0 0.377442698827669 0.06563143445435829 0.04318627988593993 0.08978821453083641
