0 0.0 0.0 0.0 0.0
0 0.27835051546391754 0.18548387096774194 0.07646907216494844 0.15898617511520738
0 0.4304123711340206 0.18454505343661146 0.0733494735687651 0.15250024512207083
0 0.4948453608247423 0.6907025198548876 0.17014899100679967 0.35375527012452185
0 0.32603092783505155 0.6782846357486028 0.16928597280105284 0.35196097656632996
0 0.0 0.0 0.0 0.0
0 0.4110824742268041 0.31682027649769584 0.0986340206185567 0.20506912442396313
0 0.5128865979381443 0.3191244239631336 0.0986340206185567 0.20506912442396313
0 0.0 0.0 0.0 0.0
0 0.0 0.0 0.0 0.0
0 0.3556701030927835 0.37557603686635943 0.126340206185567 0.2626728110599078
0 0.0 0.0 0.0 0.0
0 0.0 0.0 0.0 0.0
0 0.0 0.0 0.0 0.0
0 0.0 0.0 0.0 0.0
0 0.0 0.0 0.0 0.0
0 0.29896907216494845 0.06912442396313365 0.04654639175257731 0.0967741935483871
