0 1.2813043759968106 0.399966755319149 0.102125 0.178125
0 0.103125 0.371875 0.17916666666666667 0.3125
0 0.3051651382243487 0.3984375 0.18275 0.31875000000000003
0 0.40729166666666666 0.371875 0.06091666666666666 0.10625000000000001
0 0.4822916666666667 0.375 0.05733333333333333 0.1
0 0.5552083333333333 0.37265625 0.04747916666666666 0.08281250000000001
0 0.6052083333333333 0.3765625 0.051958333333333336 0.09062500000000001
0 0.6647129186602871 0.38046875 0.0510625 0.0890625
0 0.753125 0.3953125 0.12541666666666665 0.21875
0 0.8708333333333333 0.43671875000000004 0.08510416666666668 0.1484375
0 0.8208333333333333 0.384375 0.09495833333333333 0.16562500000000002
0 0.98125 0.40625 0.07345833333333333 0.12812500000000002
0 1.0252159755449228 0.38515625000000003 0.06897916666666666 0.1203125
0 1.0979166666666667 0.3984375 0.10570833333333333 0.184375
0 0.8510416666666667 0.38515625000000003 0.0833125 0.1453125
0 0.6260416666666666 0.3765625 0.04120833333333333 0.07187500000000001
