0 0.321875 0.40390625 0.11197916666666667 0.1953125
0 0.4375 0.3828125 0.09674999999999999 0.16875
0 0.46875 0.38046875 0.07793749999999999 0.13593750000000002
0 0.6614583333333334 0.38671875 0.0510625 0.0890625
0 0.6854166666666667 0.41640625000000003 0.043895833333333335 0.0765625
0 0.7291666666666666 0.39140625 0.0725625 0.1265625
0 0.8468749999999999 0.39765625000000004 0.0833125 0.1453125
0 0.9083333333333333 0.42500000000000004 0.06091666666666666 0.10625000000000001
0 1.0875 0.39453125 0.0833125 0.1453125
0 1.0012576422115895 0.41640625000000003 0.21052083333333332 0.3671875
0 0.6135416666666667 0.38515625000000003 0.03852083333333333 0.0671875
0 0.634375 0.3828125 0.04479166666666667 0.078125
0 0.7740347554492291 0.3869514627659576 0.04117021276595742 0.07180851063829784
0 0.6900368819776713 0.3781748670212768 0.042085106382978736 0.07340425531914896
