0 0.0 0.0 0.0 0.0
0 0.0 0.0 0.0 0.0
0 0.0 0.0 0.0 0.0
0 0.0 0.0 0.0 0.0
0 0.0 0.0 0.0 0.0
0 0.0 0.0 0.0 0.0
0 0.22036082474226804 0.08294930875576037 0.04432989690721649 0.09216589861751152
0 0.3427835051546392 0.08755760368663594 0.04432989690721649 0.09216589861751152
0 0.0 0.0 0.0 0.0
0 0.0 0.0 0.0 0.0
0 0.0 0.0 0.0 0.0
0 0.0 0.0 0.0 0.0
0 0.0 0.0 0.0 0.0
0 0.0 0.0 0.0 0.0
0 0.0 0.0 0.0 0.0
0 0.22422680412371135 0.20622119815668202 0.0720360824742268 0.1497695852534562
0 0.40225916243279236 0.05529953917050691 0.03324742268041237 0.06912442396313365
0 0.0 0.0 0.0 0.0
0 0.19329896907216496 0.32373271889400923 0.10085051546391753 0.20967741935483872
0 0.5902061855670103 0.5402809098931267 0.17395475981574904 0.3616678105696637
