0 0.44479166666666664 0.40156250000000004 0.07525 0.13125
0 0.55 0.41328125000000004 0.08152083333333333 0.1421875
0 0.525 0.403125 0.051958333333333336 0.09062500000000001
0 0.61875 0.40859375000000003 0.07972916666666666 0.1390625
0 0.659375 0.42421875000000003 0.04927083333333333 0.0859375
0 0.7125 0.4075548537234044 0.06479543439716302 0.11301529255319132
0 0.75625 0.4113946143617022 0.07651750886524818 0.13346077127659567
0 0.8312499999999999 0.43281250000000004 0.05554166666666666 0.096875
0 0.7989583333333333 0.403125 0.05554166666666666 0.096875
0 0.8345477804359384 0.4062832446808511 0.06091666666666666 0.10625000000000001
0 1.1791666666666667 0.40625 0.09316666666666666 0.1625
0 1.2666666666666666 0.4140625 0.09495833333333333 0.16562500000000002
0 1.1164058346624135 0.40530252659574484 0.0914893617021276 0.1595744680851063
