0 0.1634552764486975 0.37109375 0.1155625 0.2015625
0 0.35820374800637955 0.3860039893617021 0.051958333333333336 0.09062500000000001
0 0.503125 0.390625 0.07704166666666666 0.134375
0 0.558462918660287 0.3900349069148936 0.08130164007092197 0.14180518617021276
0 0.6271265284423179 0.38046875 0.058229166666666665 0.1015625
0 0.8209629186602871 0.3875 0.13795833333333332 0.240625
0 0.9511280568846359 0.40231050531914897 0.1352708333333333 0.23593750000000002
0 0.371057615629984 0.3853557180851064 0.05214893617021279 0.09095744680851069
0 0.5773308745348219 0.3829621010638298 0.05123404255319147 0.08936170212765955
0 1.1387343833067518 0.39652593085106386 0.06678723404255321 0.1164893617021277
