0 0.0 0.0 0.0 0.0
0 0.36597938144329895 0.33640552995391704 0.11969072164948452 0.2488479262672811
0 0.589412847958697 0.3452201196195705 0.12412371134020618 0.25806451612903225
0 0.0 0.0 0.0 0.0
0 0.0 0.0 0.0 0.0
0 0.0 0.0 0.0 0.0
0 0.27319587628865977 0.1774193548387097 0.06649484536082474 0.1382488479262673
0 0.38788659793814434 0.17972350230414746 0.06871134020618556 0.14285714285714285
0 0.0 0.0 0.0 0.0
0 0.0 0.0 0.0 0.0
0 0.0 0.0 0.0 0.0
0 0.3054123711340206 0.37327188940092165 0.11304123711340205 0.2350230414746544
0 0.6641993044936615 0.3718036081968821 0.11827829567887695 0.2459113638592019
0 0.4368556701030928 0.3824884792626728 0.11082474226804123 0.2304147465437788
0 0.7478470954800309 0.37931905088734186 0.10555938802368937 0.21946759486224135
0 0.24355670103092783 0.07027649769585254 0.03878865979381443 0.08064516129032258
0 0.18098630773278085 0.07352436513383666 0.04674681947795568 0.09719090106873221
