0 0.0 0.0 0.0 0.0
0 0.4626288659793814 0.5872462986567311 0.18366960956350073 0.381865869202863
0 0.7152061855670103 0.6011643298362586 0.1904086970826936 0.3958770467692912
0 0.0 0.0 0.0 0.0
0 0.0 0.0 0.0 0.0
0 0.0 0.0 0.0 0.0
0 0.3079896907216495 0.12903225806451613 0.055412371134020616 0.1152073732718894
0 0.36597938144329895 0.13018433179723501 0.054304123711340205 0.11290322580645161
0 0.0 0.0 0.0 0.0
0 0.0 0.0 0.0 0.0
0 0.0 0.0 0.0 0.0
0 0.2306701030927835 0.22580645161290322 0.07979381443298969 0.16589861751152074
0 0.42396907216494845 0.22580645161290322 0.07979381443298969 0.16589861751152074
0 0.35051546391752575 0.2304147465437788 0.07536082474226803 0.15668202764976957
0 0.47164948453608246 0.24308755760368664 0.07425257731958762 0.1543778801843318
0 0.211340206185567 0.10714285714285714 0.04987113402061856 0.10368663594470046
0 0.3672680412371134 0.07799539170506911 0.05507989690721648 0.11451612903225804
