0 0.0 0.0 0.0 0.0
0 0.0 0.0 0.0 0.0
0 0.0 0.0 0.0 0.0
0 0.0 0.0 0.0 0.0
0 0.0 0.0 0.0 0.0
0 0.0 0.0 0.0 0.0
0 0.23582474226804123 0.08640552995391705 0.0454381443298969 0.0944700460829493
0 0.3376288659793814 0.0944700460829493 0.04654639175257731 0.0967741935483871
0 0.0 0.0 0.0 0.0
0 0.0 0.0 0.0 0.0
0 0.0 0.0 0.0 0.0
0 0.0 0.0 0.0 0.0
0 0.0 0.0 0.0 0.0
0 0.0 0.0 0.0 0.0
0 0.2384020618556701 0.17050691244239632 0.06427835051546392 0.1336405529953917
0 0.4000425442707048 0.05529953917050691 0.03324742268041237 0.06912442396313365
0 0.0 0.0 0.0 0.0
0 0.0 0.0 0.0 0.0
0 0.38144329896907214 0.41244239631336405 0.14185567010309277 0.29493087557603687
