0 0.0 0.0 0.0 0.0
0 0.30927835051546393 0.2534562211981567 0.09752577319587628 0.20276497695852536
0 0.5051546391752577 0.2534562211981567 0.09974226804123712 0.2073732718894009
0 0.0 0.0 0.0 0.0
0 0.0 0.0 0.0 0.0
0 0.0 0.0 0.0 0.0
0 0.35870883276607635 0.22580645161290322 0.07979381443298969 0.16589861751152074
0 0.4329896907216495 0.2269585253456221 0.0809020618556701 0.16820276497695852
0 0.0 0.0 0.0 0.0
0 0.0 0.0 0.0 0.0
0 0.21391752577319587 0.22580645161290322 0.08422680412371134 0.17511520737327188
0 0.3518041237113402 0.5700730463770958 0.17823212327264748 0.37056083929797035
0 0.6069587628865979 0.5900995195607414 0.18641429041456462 0.3875723110108835
0 0.4582315970338216 0.59876703598392 0.17258713533669662 0.3588243945484851
0 0.7126288659793815 0.5999191097166389 0.17147888791401622 0.3565202470830473
0 0.0 0.0 0.0 0.0
