0 0.9510416666666667 0.4 0.06091666666666666 0.10625000000000001
0 1.28125 0.43203125000000003 0.21052083333333332 0.3671875
0 0.6239583333333333 0.39765625000000004 0.0671875 0.1171875
0 0.0417962519936204 0.37593916223404256 0.055989583333333336 0.09765625
0 0.75625 0.39765625000000004 0.0456875 0.07968750000000001
0 0.7145833333333333 0.3921875 0.051958333333333336 0.09062500000000001
0 0.6770833333333334 0.39453125 0.04927083333333333 0.0859375
0 0.6441178395800107 0.38906250000000003 0.05554166666666666 0.096875
0 1.1760416666666667 0.41250000000000003 0.04479166666666667 0.078125
0 0.28020833333333334 0.38125000000000003 0.04120833333333333 0.07187500000000001
0 0.8209197235513025 0.39609375 0.03135416666666666 0.0546875
0 0.9041666666666667 0.39765625000000004 0.034937499999999996 0.060937500000000006
