0 0.0 0.0 0.0 0.0
0 0.3131443298969072 0.2557603686635945 0.09530927835051545 0.19815668202764977
0 0.5064432989690721 0.26036866359447003 0.09974226804123712 0.2073732718894009
0 0.0 0.0 0.0 0.0
0 0.0 0.0 0.0 0.0
0 0.0 0.0 0.0 0.0
0 0.3634020618556701 0.22004608294930875 0.07868556701030928 0.16359447004608296
0 0.431701030927835 0.22350230414746544 0.07757731958762885 0.16129032258064516
0 0.0 0.0 0.0 0.0
0 0.0 0.0 0.0 0.0
0 0.21649484536082475 0.22004608294930875 0.08533505154639175 0.1774193548387097
0 0.35051546391752575 0.5496984998529267 0.16306563939460408 0.3390283361113835
0 0.6108247422680412 0.5554049416609471 0.16855500109673174 0.3504412197274243
0 0.4587628865979381 0.5640724580841259 0.15472784601886377 0.32169330326502593
0 0.7100515463917526 0.5692298264535739 0.1552560320245668 0.32279145014217087
0 0.0 0.0 0.0 0.0
0 0.18041237113402062 0.07949308755760369 0.041005154639175256 0.08525345622119816
