0 0.0 0.0 0.0 0.0
0 0.47036082474226804 0.5860942249240121 0.18477785698618115 0.38417001666830075
0 0.7134222035876946 0.5926046671242279 0.18217465452950213 0.37875772134523
0 0.0 0.0 0.0 0.0
0 0.0 0.0 0.0 0.0
0 0.0 0.0 0.0 0.0
0 0.30670103092783507 0.12903225806451613 0.055412371134020616 0.1152073732718894
0 0.36597938144329895 0.13208647906657522 0.054304123711340205 0.11290322580645161
0 0.0 0.0 0.0 0.0
0 0.0 0.0 0.0 0.0
0 0.0 0.0 0.0 0.0
0 0.23711340206185566 0.2269585253456221 0.07868556701030928 0.16359447004608296
0 0.4304123711340206 0.22926267281105991 0.0809020618556701 0.16820276497695852
0 0.35051546391752575 0.23271889400921658 0.07536082474226803 0.15668202764976957
0 0.47164948453608246 0.24308755760368664 0.07425257731958762 0.1543778801843318
0 0.211340206185567 0.1123958231199137 0.05492427067339327 0.11419256789881357
0 0.3646907216494845 0.06615599568585157 0.04514811362140812 0.09386704578880266
