0 0.1 0.44765625000000003 0.10122916666666666 0.1765625
0 0.18854166666666666 0.40703125 0.14422916666666669 0.2515625
0 0.3614583333333333 0.38828125 0.043895833333333335 0.0765625
0 0.41875 0.38671875 0.042104166666666665 0.0734375
0 0.6270833333333333 0.39687500000000003 0.102125 0.178125
0 0.709375 0.41015625 0.20514583333333333 0.35781250000000003
0 0.8614583333333333 0.39609375 0.2015625 0.3515625
0 1.1072916666666666 0.38984375000000004 0.07614583333333333 0.1328125
0 1.1708333333333334 0.38359375 0.07614583333333333 0.1328125
0 0.4875 0.38046875 0.042104166666666665 0.0734375
