0 0.0 0.0 0.0 0.0
0 0.4574742268041237 0.5169992156093735 0.16707419390217151 0.3473624865182861
0 0.711340206185567 0.5233086577115403 0.16649413248519407 0.34615648592999304
0 0.0 0.0 0.0 0.0
0 0.0 0.0 0.0 0.0
0 0.0 0.0 0.0 0.0
0 0.3161912806853121 0.1359447004608295 0.05762886597938144 0.11981566820276497
0 0.3711340206185567 0.1347926267281106 0.054304123711340205 0.11290322580645161
0 0.0 0.0 0.0 0.0
0 0.0 0.0 0.0 0.0
0 0.0 0.0 0.0 0.0
0 0.2757731958762887 0.2465437788018433 0.08422680412371134 0.17511520737327188
0 0.4368556701030928 0.2465437788018433 0.08201030927835051 0.17050691244239632
0 0.3698453608247423 0.2523041474654378 0.07868556701030928 0.16359447004608296
0 0.4961340206185567 0.25806451612903225 0.07757731958762885 0.16129032258064516
0 0.2190721649484536 0.097926267281106 0.0454381443298969 0.0944700460829493
0 0.3137629688090893 0.07027649769585254 0.047654639175257724 0.09907834101382489
