0 0.0 0.0 0.0 0.0
0 0.3572208109307946 0.3099078341013825 0.10528350515463918 0.21889400921658986
0 0.5682989690721649 0.32027649769585254 0.11525773195876288 0.23963133640552994
0 0.0 0.0 0.0 0.0
0 0.0 0.0 0.0 0.0
0 0.0 0.0 0.0 0.0
0 0.28350515463917525 0.18548387096774194 0.06981958762886598 0.14516129032258066
0 0.39304123711340205 0.18202764976958524 0.06649484536082474 0.1382488479262673
0 0.0 0.0 0.0 0.0
0 0.0 0.0 0.0 0.0
0 0.0 0.0 0.0 0.0
0 0.33118556701030927 0.4066820276497696 0.1252319587628866 0.26036866359447003
0 0.6108247422680412 0.4147465437788018 0.13077319587628866 0.271889400921659
0 0.42912371134020616 0.4147465437788018 0.1174742268041237 0.24423963133640553
0 0.7318981321626464 0.41244239631336405 0.11082474226804123 0.2304147465437788
0 0.24484536082474226 0.06336405529953917 0.036572164948453605 0.07603686635944701
