0 1.165625 0.41171875 0.19797916666666668 0.3453125
0 1.0 0.39921875 0.19618750000000001 0.34218750000000003
0 0.853125 0.39140625 0.14422916666666669 0.2515625
0 0.93125 0.40234375 0.0725625 0.1265625
0 0.7916666666666666 0.3875 0.04658333333333333 0.08125
0 0.24791666666666667 0.37812500000000004 0.04658333333333333 0.08125
0 0.7292530568846358 0.390625 0.03225 0.05625
0 0.6933817367756513 0.38885472074468086 0.03786325354609928 0.06604055851063828
0 0.675 0.38984375000000004 0.03672916666666667 0.06406250000000001
0 0.65625 0.38203125000000004 0.03852083333333333 0.0671875
0 0.636482422913344 0.38515625000000003 0.03852083333333333 0.0671875
0 1.2663260898458266 0.4364195478723405 0.07959574468085112 0.13882978723404268
