0 0.6885687293752646 0.3876690347907712 0.289646110756325 0.5123159797142322
0 0.8715139348935431 0.37966544782870937 0.18927221552070794 0.43570566948130285
0 0.4010894891229823 0.38211990004945506 0.2078083060902203 0.4484167367186285
0 0.5319773647543772 0.34820682485053683 0.10963256160822041 0.31354213039190654
0 0.6393824084701102 0.36607075542822687 0.15515668701756363 0.30820265379975886
0 1.0582040088854197 0.30176969875706616 0.03734813185426956 0.08216106104685537
0 1.0853952131541413 0.2977968109167672 0.033885954826201235 0.07756115802171296
0 1.2340496747301657 0.2995953723589006 0.04273219515992963 0.08244035464594922
0 0.38473018027074113 0.37634350361905367 0.2355984452486261 0.39461042273106517
0 0.3138744186271882 0.4034935905680124 0.08685162846803358 0.21015346049457184
0 0.34745736037566916 0.3757274668644599 0.11857748558435226 0.3800454031700134
