0 0.29272307995856556 0.5698328267477204 0.1491866089054617 0.31017256593783704
0 0.2667525773195876 0.12903225806451613 0.05984536082474226 0.12442396313364056
0 0.3646907216494845 0.1313364055299539 0.06206185567010309 0.12903225806451613
0 0.38428061132211977 0.33290273556231004 0.10080571397236239 0.20958427296793808
0 0.2603092783505155 0.326036866359447 0.10085051546391753 0.20967741935483872
0 0.3427835051546392 0.4112903225806452 0.13853092783505155 0.2880184331797235
0 0.42932101810289547 0.5575620158839102 0.15733104847554288 0.32710559858809685
0 0.604381443298969 0.5613663104225904 0.16099062294362798 0.33471418766545735
0 0.0 0.0 0.0 0.0
0 0.0 0.0 0.0 0.0
0 0.0 0.0 0.0 0.0
0 0.0 0.0 0.0 0.0
0 0.0 0.0 0.0 0.0
0 0.0 0.0 0.0 0.0
0 0.0 0.0 0.0 0.0
0 0.0 0.0 0.0 0.0
0 0.24432640293329383 0.05241935483870968 0.04931701030927835 0.10253456221198157
