0 0.297680412371134 0.5770394156289832 0.16055203992103528 0.3338023335621139
0 0.2693298969072165 0.12672811059907835 0.06206185567010309 0.12903225806451613
0 0.36597938144329895 0.13018433179723501 0.06095360824742268 0.12672811059907835
0 0.379125972146862 0.3248921462888519 0.09753284711559554 0.20277968428277288
0 0.26417525773195877 0.32373271889400923 0.10085051546391753 0.20967741935483872
0 0.36082474226804123 0.4147465437788018 0.1352061855670103 0.28110599078341014
0 0.4272955408671632 0.5727791940386312 0.1719693463478833 0.3575399548975389
0 0.6095360824742267 0.5703279733307187 0.1651783834174161 0.3434209236199628
0 0.0 0.0 0.0 0.0
0 0.0 0.0 0.0 0.0
0 0.0 0.0 0.0 0.0
0 0.0 0.0 0.0 0.0
0 0.0 0.0 0.0 0.0
0 0.0 0.0 0.0 0.0
0 0.0 0.0 0.0 0.0
0 0.0 0.0 0.0 0.0
0 0.24068136602048704 0.052492891459947066 0.04664306865540681 0.09697519364643577
