0 0.0 0.0 0.0 0.0
0 0.3002577319587629 0.2304147465437788 0.0908762886597938 0.1889400921658986
0 0.5141752577319587 0.23617511520737328 0.09198453608247421 0.1912442396313364
0 0.0 0.0 0.0 0.0
0 0.0 0.0 0.0 0.0
0 0.0 0.0 0.0 0.0
0 0.36597938144329895 0.24423963133640553 0.08422680412371134 0.17511520737327188
0 0.4381443298969072 0.2465437788018433 0.08422680412371134 0.17511520737327188
0 0.0 0.0 0.0 0.0
0 0.0 0.0 0.0 0.0
0 0.2306701030927835 0.25921658986175117 0.09641752577319587 0.20046082949308755
0 0.3646907216494845 0.6459334248455731 0.18027884404474664 0.3748161584469066
0 0.6507731958762887 0.6823830767722326 0.19096046282079404 0.39702421806059424
0 0.47164948453608246 0.6759804882831649 0.17150246764641366 0.3565692714972055
0 0.7564432989690721 0.6733282674772036 0.16673464575564814 0.34665653495440724
0 0.0 0.0 0.0 0.0
0 0.18041237113402062 0.07949308755760369 0.041005154639175256 0.08525345622119816
