0 1.0226942866161615 0.40859375000000003 0.07972916666666666 0.1390625
0 1.05625 0.40937500000000004 0.08958333333333333 0.15625
0 1.2927083333333333 0.3953125 0.0645 0.1125
0 0.021875 0.44045046542553196 0.3513667996453901 0.6128490691489361
0 1.2354166666666666 0.39609375 0.0456875 0.07968750000000001
0 1.1979166666666667 0.39347573138297876 0.05048116134751772 0.08804853723404255
0 0.5895833333333333 0.38406748670212765 0.043352615248226964 0.0756150265957447
0 0.353125 0.37812500000000004 0.04120833333333333 0.07187500000000001
0 0.5677614965443912 0.3957280585106383 0.032936170212766 0.057446808510638374
0 0.2721740430622009 0.37657912234042556 0.03659574468085105 0.06382978723404253
0 0.24346590909090904 0.37498337765957446 0.032936170212765944 0.057446808510638284
0 0.6953532030834663 0.38056848404255317 0.024702127659574472 0.04308510638297874
0 0.2168843035619351 0.3709940159574468 0.02836170212765958 0.04946808510638299
0 0.33065357522594363 0.37578124999999996 0.03934042553191489 0.06861702127659575
0 0.7899837187666134 0.3813663563829788 0.03476595744680853 0.06063829787234046
0 0.7644653774587984 0.38375997340425533 0.03385106382978727 0.05904255319148941
0 0.19774554758107385 0.37099401595744685 0.024702127659574472 0.04308510638297874
0 0.40827186337054755 0.37578125 0.030191489361702104 0.05265957446808507
0 0.5252309276980329 0.3821642287234043 0.030191489361702104 0.05265957446808507
