0 0.06770833333333333 0.38203125000000004 0.2123125 0.37031250000000004
0 0.196875 0.37031250000000004 0.134375 0.234375
0 0.425 0.38359375 0.1048125 0.18281250000000002
0 0.4822916666666667 0.37343750000000003 0.051958333333333336 0.09062500000000001
0 0.553125 0.37265625 0.04747916666666666 0.08281250000000001
0 0.6010416666666667 0.37343750000000003 0.051958333333333336 0.09062500000000001
0 0.6479166666666667 0.41015625 0.05464583333333333 0.09531250000000001
0 0.658462918660287 0.37119348404255315 0.0403125 0.0703125
0 0.69375 0.38515625000000003 0.08689583333333334 0.15156250000000002
0 0.7541666666666667 0.39296875000000003 0.11197916666666667 0.1953125
0 0.8220909755449228 0.38050199468085105 0.0833125 0.1453125
0 0.8552083333333333 0.42578125 0.08152083333333333 0.1421875
0 0.9208333333333333 0.3972822473404256 0.06582468971631197 0.11481050531914878
0 1.003125 0.38984375000000004 0.0886875 0.1546875
0 1.2509552764486973 0.39687500000000003 0.09674999999999999 0.16875
