0 0.0 0.0 0.0 0.0
0 0.4626288659793814 0.5395308363565056 0.17101672515902608 0.3555593685655456
0 0.7100515463917526 0.5448892048240024 0.1695217701250274 0.3524512207079125
0 0.0 0.0 0.0 0.0
0 0.0 0.0 0.0 0.0
0 0.0 0.0 0.0 0.0
0 0.3196605912625988 0.1359447004608295 0.05762886597938144 0.11981566820276497
0 0.3685567010309278 0.13756985979017552 0.05895168896687867 0.12256593783704278
0 0.0 0.0 0.0 0.0
0 0.0 0.0 0.0 0.0
0 0.0 0.0 0.0 0.0
0 0.2693298969072165 0.23847926267281105 0.08311855670103092 0.1728110599078341
0 0.4381443298969072 0.24308755760368664 0.08311855670103092 0.1728110599078341
0 0.36597938144329895 0.24539170506912442 0.07868556701030928 0.16359447004608296
0 0.4961340206185567 0.2488479262672811 0.07757731958762885 0.16129032258064516
0 0.21649484536082475 0.09907834101382489 0.04654639175257731 0.0967741935483871
0 0.33118556701030927 0.06832042357093833 0.04211340206185567 0.08755760368663594
