0 0.2693298969072165 0.14861751152073732 0.06760309278350515 0.14055299539170507
0 0.3646907216494845 0.1497695852534562 0.06871134020618556 0.14285714285714285
0 0.4124297094657919 0.41576870281400136 0.11624100679973677 0.241675654475929
0 0.3170103092783505 0.41013824884792627 0.12190721649484536 0.2534562211981567
0 0.23582474226804123 0.37557603686635943 0.13077319587628866 0.271889400921659
0 0.4677835051546392 0.4412442396313364 0.12966494845360826 0.2695852534562212
0 0.6030927835051546 0.44815913324835766 0.13631679096293045 0.28341504069026374
0 0.4175257731958763 0.6469310716736935 0.15370212765957444 0.319560741249142
0 0.25919017905588715 0.6695778997940975 0.15204447247203337 0.3161143249338171
0 0.5979381443298969 0.6592092361996275 0.16201869927615703 0.33685165212275714
0 0.0 0.0 0.0 0.0
0 0.0 0.0 0.0 0.0
0 0.0 0.0 0.0 0.0
0 0.0 0.0 0.0 0.0
0 0.0 0.0 0.0 0.0
0 0.33118556701030927 0.05805226002549268 0.04833137749506472 0.10048534170016672
