0 0.244964447102605 0.458419215425532 0.05070988475177298 0.08844747340425521
0 1.2947916666666666 0.446875 0.050166666666666665 0.08750000000000001
0 0.4427083333333333 0.459765625 0.05330208333333333 0.09296875
0 0.4837219813264221 0.45501163563829794 0.05516999113475172 0.09622672872340417
0 0.5588544241759701 0.4518201462765958 0.05882956560283687 0.10260970744680852
0 0.8875 0.44609375 0.06002083333333333 0.1046875
0 0.7614583333333333 0.4578125 0.059125 0.10312500000000001
0 0.6760416666666667 0.45501163563829794 0.05516999113475172 0.09622672872340417
0 0.7126087519936204 0.4510222739361702 0.05974445921985814 0.10420545212765955
0 0.6288810307017544 0.4596825132978724 0.062355718085106315 0.10875997340425521
0 0.5833333333333334 0.4578125 0.05554166666666666 0.096875
0 1.11875 0.44640126329787244 0.047126551418439654 0.0821974734042552
0 1.223932590709729 0.4471658909574468 0.04983311170212768 0.08691821808510643
0 1.2041666666666666 0.44765625000000003 0.05285416666666667 0.0921875
0 1.180732298312068 0.4448055186170213 0.04895633865248228 0.08538896276595748
0 1.025 0.44477227393617025 0.05257779255319148 0.09170545212765956
0 1.0493529123471557 0.4479471409574468 0.050728945035461014 0.08848071808510644
0 0.9833333333333333 0.44793051861702127 0.052539671985815606 0.09163896276595747
0 0.3729166666666667 0.43359375 0.042104166666666665 0.0734375
0 0.15625 0.44843750000000004 0.04658333333333333 0.08125
0 0.7580857921318447 0.3079621010638298 0.03842553191489363 0.06702127659574471
0 0.7357572434875067 0.4571642287234043 0.050319148936170205 0.08776595744680851
0 0.5390533625730994 0.4499833776595745 0.049404255319148944 0.08617021276595747
