0 0.5459571924827444 0.44660610857172006 0.2997907601532449 0.5985159143265388
0 0.49782154810394375 0.3152412449480598 0.0781055618704811 0.15911322661109525
0 0.5875039565435978 0.3113936125592935 0.08981235563716297 0.16044806216801108
0 0.7816197441813946 0.3074974246945156 0.09017530110319569 0.1970988739698778
0 0.16293424978687132 0.32490997531258886 0.041867954911433386 0.07801022129866438
0 0.4358122298849788 0.31708198038379903 0.07971427168480343 0.15325776143790854
0 0.5604668074204322 0.32182036356209137 0.08836266073458365 0.17316598287865875
0 0.474832787448812 0.3142611443347584 0.0851428087126033 0.18548169730584185
0 0.3654983660130719 0.32292174327460443 0.0428951169839916 0.10748792270531392
0 0.3988430041978425 0.3731719909997513 0.20703584736508915 0.325568759546391
0 0.34011538583860496 0.3622369192242115 0.09933717027529679 0.3154234157431088
0 0.8316260997943078 0.3043724325157497 0.06622785801007325 0.17700399377013804
0 0.9142632647261804 0.30956294274956364 0.08866948470209338 0.16926630434782608
0 0.4463415861513688 0.39163269927536226 0.25835346215781013 0.40942028985507256
0 0.5467705854048994 0.36817255434782603 0.15073217862659394 0.4082125603864734
0 1.2007081662442916 0.3044470303348133 0.06636846405228738 0.13978642415863782
0 1.045040620863433 0.30521052649039637 0.08381458174415618 0.211921789315735
0 1.1110816016055773 0.30827075109418023 0.07853092591737057 0.19914830505406186
