0 0.33574417533994316 0.4804147465437788 0.13853092783505155 0.2880184331797235
0 0.27963917525773196 0.11635944700460829 0.05873711340206185 0.12211981566820276
0 0.3543814432989691 0.11635944700460829 0.05873711340206185 0.12211981566820276
0 0.3582474226804124 0.27907883125796645 0.08670974994516338 0.18027747818413564
0 0.24742268041237114 0.27534562211981567 0.08976804123711339 0.18663594470046083
0 0.6224226804123711 0.5155922149230316 0.18123618118008333 0.37680654966173144
0 0.4306641427843273 0.6890945190704971 0.18633411932441327 0.3874056280027455
0 0.6234133247833737 0.6950019609765663 0.18980033998683915 0.39461221688400816
0 0.0 0.0 0.0 0.0
0 0.0 0.0 0.0 0.0
0 0.0 0.0 0.0 0.0
0 0.0 0.0 0.0 0.0
0 0.0 0.0 0.0 0.0
0 0.0 0.0 0.0 0.0
0 0.0 0.0 0.0 0.0
0 0.0 0.0 0.0 0.0
0 0.23766627205314125 0.05013236591822724 0.04711702127659571 0.09796058437101669
