0 0.30412371134020616 0.6308633199333268 0.17464800394823424 0.36310912834591624
0 0.2603092783505155 0.13248847926267282 0.0631701030927835 0.1313364055299539
0 0.3634020618556701 0.1347926267281106 0.0631701030927835 0.1313364055299539
0 0.39690721649484534 0.3500759878419453 0.10624320026321563 0.2208893028728307
0 0.2715619296601391 0.3492450240219629 0.11436170212765961 0.23776840866751653
0 0.29606393561222644 0.38940092165898615 0.12412371134020618 0.25806451612903225
0 0.4296190335257074 0.5344273948426317 0.16677708927396362 0.3467447788998922
0 0.5644329896907216 0.5401338366506521 0.16494730203992106 0.34294048436121194
0 0.0 0.0 0.0 0.0
0 0.0 0.0 0.0 0.0
0 0.0 0.0 0.0 0.0
0 0.0 0.0 0.0 0.0
0 0.0 0.0 0.0 0.0
0 0.0 0.0 0.0 0.0
0 0.0 0.0 0.0 0.0
0 0.0 0.0 0.0 0.0
0 0.261771609201072 0.05006128051769788 0.04155927835051546 0.08640552995391705
