0 0.0 0.0 0.0 0.0
0 0.5219072164948454 0.7194700460829493 0.1690077319587629 0.3513824884792627
0 0.0 0.0 0.0 0.0
0 0.0 0.0 0.0 0.0
0 0.0 0.0 0.0 0.0
0 0.31443298969072164 0.11405529953917051 0.05208762886597938 0.10829493087557604
0 0.3685567010309278 0.11490097068340034 0.05068463478833078 0.10537797823316014
0 0.0 0.0 0.0 0.0
0 0.0 0.0 0.0 0.0
0 0.0 0.0 0.0 0.0
0 0.0 0.0 0.0 0.0
0 0.3672680412371134 0.19930875576036866 0.06981958762886598 0.14516129032258066
0 0.2706185567010309 0.20161290322580644 0.06981958762886598 0.14516129032258066
0 0.22036082474226804 0.22004608294930875 0.06981958762886598 0.14516129032258066
0 0.40146582482447923 0.058973919011667805 0.03678202456679096 0.07647318364545543
0 0.22963835314622072 0.1285959407785077 0.057638297872340497 0.11983527796842842
