0 0.17400439740476345 0.38634463028169014 0.276765831399796 0.488556338028169
0 0.45568401274864584 0.3860345672496985 0.22517088862082837 0.44149577804583845
0 0.06093644910165367 0.3622309446622437 0.0807381396155142 0.341937763872135
0 0.2648361950480228 0.35399750015403286 0.12324647533931075 0.3009439598979328
0 0.3317271133423213 0.3629489706769318 0.13510253317249699 0.3027744270205068
0 1.0582040088854197 0.30176969875706616 0.03734813185426956 0.08216106104685537
0 1.0744655394324998 0.2979459734068778 0.04020908725371927 0.07726283304149179
0 1.2340496747301657 0.2993779810545528 0.04273219515992963 0.08287513725464485
0 0.7289808433295917 0.3610447907276968 0.17429196297585356 0.3918847572594885
0 0.5989771501963951 0.4181405184239066 0.11395693624031639 0.2534809765341823
0 0.623927755729816 0.37425402920609846 0.1451949257402789 0.37670072121243925
0 1.058238441232755 0.35277529199632207 0.25936765512505044 0.3829687836307623
