0 1.1541666666666666 0.39609375 0.11377083333333333 0.19843750000000002
0 0.90625 0.3953125 0.09674999999999999 0.16875
0 0.7572916666666667 0.38125000000000003 0.05375 0.09375
0 0.6875 0.39296875000000003 0.1048125 0.18281250000000002
0 0.4583333333333333 0.39140625 0.1854375 0.32343750000000004
0 0.334375 0.38515625000000003 0.1478125 0.2578125
0 0.07395833333333333 0.36484375 0.1101875 0.1921875
0 0.19166666666666665 0.3796875 0.09495833333333333 0.16562500000000002
0 0.25104166666666666 0.36640625000000004 0.07972916666666666 0.1390625
0 1.0739583333333333 0.41171875 0.10839583333333333 0.18906250000000002
0 0.6188363902179692 0.38009474734042564 0.04611635638297863 0.08043550531914878
