0 0.0 0.0 0.0 0.0
0 0.0 0.0 0.0 0.0
0 0.0 0.0 0.0 0.0
0 0.0 0.0 0.0 0.0
0 0.0 0.0 0.0 0.0
0 0.0 0.0 0.0 0.0
0 0.25128865979381443 0.0944700460829493 0.04654639175257731 0.0967741935483871
0 0.3376288659793814 0.0967741935483871 0.04654639175257731 0.0967741935483871
0 0.0 0.0 0.0 0.0
0 0.0 0.0 0.0 0.0
0 0.0 0.0 0.0 0.0
0 0.0 0.0 0.0 0.0
0 0.2074742268041237 0.19815668202764977 0.07757731958762885 0.16129032258064516
0 0.0 0.0 0.0 0.0
0 0.0 0.0 0.0 0.0
0 0.22551546391752578 0.16129032258064516 0.05984536082474226 0.12442396313364056
0 0.39786189348723255 0.056451612903225805 0.03435567010309278 0.07142857142857142
0 0.0 0.0 0.0 0.0
0 0.0 0.0 0.0 0.0
0 0.3389175257731959 0.3836405529953917 0.1318814432989691 0.27419354838709675
