0 0.14691819510898457 0.3906998005319149 0.08389383865248229 0.14632646276595748
0 0.34791666666666665 0.38203125000000004 0.05464583333333333 0.09531250000000001
0 0.38125 0.38125000000000003 0.06987499999999999 0.12187500000000001
0 0.725571471291866 0.40231881648936174 0.052825576241134764 0.09213763297872345
0 0.7675867557150452 0.38739195478723404 0.06079277482269502 0.10603390957446807
0 1.2446127890749599 0.3812832446808512 0.09495833333333333 0.16562500000000002
0 1.2846506595560871 0.39462267287234043 0.09754100177304965 0.1701296542553192
0 0.5666666666666667 0.38203125000000004 0.0403125 0.0703125
0 0.2657944577352471 0.38615359042553193 0.04391489361702131 0.07659574468085113
0 0.2275169457735247 0.3853557180851064 0.043000000000000003 0.07500000000000001
0 0.29237606326422116 0.3813663563829788 0.03659574468085105 0.06382978723404253
0 0.5103452286018074 0.3781748670212766 0.04025531914893615 0.07021276595744678
0 0.8048694178628389 0.37817486702127656 0.043914893617021264 0.07659574468085105
