0 0.0 0.0 0.0 0.0
0 0.37371134020618557 0.3675115207373272 0.12744845360824741 0.26497695852534564
0 0.5850515463917526 0.37672811059907835 0.1318814432989691 0.27419354838709675
0 0.0 0.0 0.0 0.0
0 0.0 0.0 0.0 0.0
0 0.0 0.0 0.0 0.0
0 0.297680412371134 0.16705069124423963 0.0631701030927835 0.1313364055299539
0 0.37371134020618557 0.1693548387096774 0.0631701030927835 0.1313364055299539
0 0.0 0.0 0.0 0.0
0 0.0 0.0 0.0 0.0
0 0.0 0.0 0.0 0.0
0 0.2822164948453608 0.3352534562211982 0.1075 0.22350230414746544
0 0.6198936598760255 0.3390847141876655 0.1082474775169993 0.22505637807628193
0 0.4896907216494845 0.3444700460829493 0.10085051546391753 0.20967741935483872
0 0.6855670103092784 0.3433179723502304 0.09530927835051545 0.19815668202764977
0 0.2422680412371134 0.07603686635944701 0.039896907216494845 0.08294930875576037
