0 0.146875 0.3640625 0.09854166666666667 0.171875
0 0.25729166666666664 0.371875 0.08600000000000001 0.15000000000000002
0 0.30833333333333335 0.36796875 0.06539583333333333 0.11406250000000001
0 0.42916666666666664 0.38046875 0.11735416666666666 0.20468750000000002
0 0.546875 0.38046875 0.14064583333333333 0.24531250000000002
0 0.73125 0.38515625000000003 0.10122916666666666 0.1765625
0 0.6386280568846359 0.37109375 0.04927083333333333 0.0859375
0 1.1875 0.38671875 0.11197916666666667 0.1953125
0 1.1030386097820306 0.3968500664893618 0.11290359042553184 0.19692486702127648
0 0.9165191304492292 0.38671875 0.0886875 0.1546875
0 0.7875 0.37109375 0.0510625 0.0890625
