0 0.0 0.0 0.0 0.0
0 0.0 0.0 0.0 0.0
0 0.0 0.0 0.0 0.0
0 0.0 0.0 0.0 0.0
0 0.0 0.0 0.0 0.0
0 0.0 0.0 0.0 0.0
0 0.2860824742268041 0.10368663594470046 0.05097938144329897 0.10599078341013825
0 0.35051546391752575 0.10253456221198157 0.04987113402061856 0.10368663594470046
0 0.0 0.0 0.0 0.0
0 0.0 0.0 0.0 0.0
0 0.0 0.0 0.0 0.0
0 0.0 0.0 0.0 0.0
0 0.2925257731958763 0.1889400921658986 0.07314432989690721 0.15207373271889402
0 0.1686037669149443 0.20967741935483872 0.07092783505154639 0.14746543778801843
0 0.0 0.0 0.0 0.0
0 0.2268041237113402 0.15092165898617513 0.05873711340206185 0.12211981566820276
0 0.3956185567010309 0.056451612903225805 0.03435567010309278 0.07142857142857142
0 0.0 0.0 0.0 0.0
0 0.0 0.0 0.0 0.0
0 0.2860824742268041 0.33640552995391704 0.1174742268041237 0.24423963133640553
