0 0.0 0.0 0.0 0.0
0 0.3440721649484536 0.2839812726737916 0.10029167580609785 0.2085155407392882
0 0.5373711340206185 0.28648642023727816 0.0960520399210353 0.19970095107363467
0 0.0 0.0 0.0 0.0
0 0.0 0.0 0.0 0.0
0 0.0 0.0 0.0 0.0
0 0.3160926273039675 0.1931586430042161 0.07055291730642684 0.14668594960290224
0 0.39304123711340205 0.19815668202764977 0.07092783505154639 0.14746543778801843
0 0.0 0.0 0.0 0.0
0 0.0 0.0 0.0 0.0
0 0.0 0.0 0.0 0.0
0 0.34149484536082475 0.45161290322580644 0.1352061855670103 0.28110599078341014
0 0.547680412371134 0.45852534562211983 0.13963917525773195 0.2903225806451613
0 0.431701030927835 0.45622119815668205 0.126340206185567 0.2626728110599078
0 0.6559278350515464 0.4665898617511521 0.12744845360824741 0.26497695852534564
0 0.24871134020618557 0.06105990783410138 0.03435567010309278 0.07142857142857142
