0 0.20833333333333334 0.371875 0.08958333333333333 0.15625
0 0.30104166666666665 0.3765625 0.06808333333333333 0.11875000000000001
0 0.36354166666666665 0.375 0.059125 0.10312500000000001
0 0.4510416666666667 0.375 0.059125 0.10312500000000001
0 0.5020833333333333 0.3828125 0.09495833333333333 0.16562500000000002
0 0.6145833333333334 0.38828125 0.10122916666666666 0.1765625
0 0.7427083333333333 0.38828125 0.09764583333333332 0.1703125
0 1.1958333333333333 0.39609375 0.11377083333333333 0.19843750000000002
0 1.1166666666666667 0.4 0.11645833333333333 0.203125
0 0.8937499999999999 0.3875 0.080625 0.140625
0 0.8197916666666667 0.3796875 0.05375 0.09375
