0 0.0 0.0 0.0 0.0
0 0.0 0.0 0.0 0.0
0 0.0 0.0 0.0 0.0
0 0.0 0.0 0.0 0.0
0 0.0 0.0 0.0 0.0
0 0.0 0.0 0.0 0.0
0 0.2509906443710025 0.09101382488479262 0.0454381443298969 0.0944700460829493
0 0.3324742268041237 0.0956221198156682 0.0454381443298969 0.0944700460829493
0 0.0 0.0 0.0 0.0
0 0.0 0.0 0.0 0.0
0 0.0 0.0 0.0 0.0
0 0.0 0.0 0.0 0.0
0 0.16761312254394184 0.20161290322580644 0.07425257731958762 0.1543778801843318
0 0.0 0.0 0.0 0.0
0 0.0 0.0 0.0 0.0
0 0.23582474226804123 0.16705069124423963 0.06095360824742268 0.12672811059907835
0 0.40225916243279236 0.056451612903225805 0.03435567010309278 0.07142857142857142
0 0.0 0.0 0.0 0.0
0 0.0 0.0 0.0 0.0
0 0.36082474226804123 0.3986175115207373 0.13742268041237113 0.2857142857142857
