0 0.0 0.0 0.0 0.0
0 0.327319587628866 0.271889400921659 0.09974226804123712 0.2073732718894009
0 0.5219072164948454 0.28225806451612906 0.10306701030927835 0.21428571428571427
0 0.0 0.0 0.0 0.0
0 0.0 0.0 0.0 0.0
0 0.0 0.0 0.0 0.0
0 0.3440721649484536 0.20391705069124424 0.07425257731958762 0.1543778801843318
0 0.4110824742268041 0.20967741935483872 0.07536082474226803 0.15668202764976957
0 0.0 0.0 0.0 0.0
0 0.0 0.0 0.0 0.0
0 0.0 0.0 0.0 0.0
0 0.3427835051546392 0.48847926267281105 0.1440721649484536 0.2995391705069124
0 0.5721649484536082 0.4930875576036866 0.14850515463917524 0.3087557603686636
0 0.4381443298969072 0.4976958525345622 0.13742268041237113 0.2857142857142857
0 0.663659793814433 0.5023041474654378 0.13298969072164948 0.2764976958525346
0 0.2538659793814433 0.05529953917050691 0.03546391752577319 0.07373271889400922
0 0.18041237113402062 0.07949308755760369 0.041005154639175256 0.08525345622119816
