0 0.0 0.0 0.0 0.0
0 0.5025249099787895 0.6805887832140406 0.16706947795569196 0.34735268163545435
0 0.8157216494845361 0.701821256985979 0.16311279885939897 0.33912638493969993
0 0.0 0.0 0.0 0.0
0 0.0 0.0 0.0 0.0
0 0.0 0.0 0.0 0.0
0 0.31829896907216493 0.1152073732718894 0.053195876288659794 0.11059907834101382
0 0.3698453608247423 0.1234606333954309 0.058918677341522244 0.12249730365722125
0 0.0 0.0 0.0 0.0
0 0.0 0.0 0.0 0.0
0 0.0 0.0 0.0 0.0
0 0.0 0.0 0.0 0.0
0 0.37371134020618557 0.20506912442396313 0.07314432989690721 0.15207373271889402
0 0.2737641608707805 0.2051255025002451 0.07087360166703226 0.14735268163545448
0 0.27319587628865977 0.22235023041474655 0.06981958762886598 0.14516129032258066
0 0.2306701030927835 0.12788018433179724 0.05873711340206185 0.12211981566820276
0 0.40097050263897793 0.05992499264633784 0.0376969181838122 0.0783753309147955
