0 0.0 0.0 0.0 0.0
0 0.2667525773195876 0.17511520737327188 0.07536082474226803 0.15668202764976957
0 0.4110824742268041 0.17511520737327188 0.07536082474226803 0.15668202764976957
0 0.44072164948453607 0.5900603000294147 0.15534563500767715 0.3229777429159722
0 0.3079896907216495 0.5818487106579077 0.15409590919061197 0.3203794489655849
0 0.0 0.0 0.0 0.0
0 0.4475256498791496 0.3367070301009903 0.10446528844044749 0.21719286204529858
0 0.5528350515463918 0.33986175115207373 0.10971649484536082 0.22811059907834103
0 0.0 0.0 0.0 0.0
0 0.0 0.0 0.0 0.0
0 0.46649484536082475 0.4197200705951564 0.12890803904364995 0.2680115697617414
0 0.0 0.0 0.0 0.0
0 0.0 0.0 0.0 0.0
0 0.0 0.0 0.0 0.0
0 0.0 0.0 0.0 0.0
0 0.0 0.0 0.0 0.0
0 0.32989690721649484 0.06797235023041474 0.0454381443298969 0.0944700460829493
