0 0.0 0.0 0.0 0.0
0 0.37371134020618557 0.35253456221198154 0.12190721649484536 0.2534562211981567
0 0.5876288659793815 0.35944700460829493 0.126340206185567 0.2626728110599078
0 0.0 0.0 0.0 0.0
0 0.0 0.0 0.0 0.0
0 0.0 0.0 0.0 0.0
0 0.28350515463917525 0.1728110599078341 0.06649484536082474 0.1382488479262673
0 0.38273195876288657 0.17050691244239632 0.06427835051546392 0.1336405529953917
0 0.0 0.0 0.0 0.0
0 0.0 0.0 0.0 0.0
0 0.0 0.0 0.0 0.0
0 0.27963917525773196 0.358294930875576 0.11193298969072164 0.23271889400921658
0 0.6739690721649484 0.3629032258064516 0.11636597938144329 0.24193548387096775
0 0.4768041237113402 0.3640552995391705 0.10417525773195876 0.21658986175115208
0 0.7306701030927835 0.35944700460829493 0.09752577319587628 0.20276497695852536
0 0.24484536082474226 0.07258064516129033 0.041005154639175256 0.08525345622119816
0 0.1781197076571466 0.07447543876850676 0.045831925860934375 0.09528875379939201
