0 0.3677083333333333 0.39687500000000003 0.10391666666666667 0.18125000000000002
0 0.4479166666666667 0.38125000000000003 0.091375 0.15937500000000002
0 0.47315025252525256 0.37812500000000004 0.07166666666666666 0.125
0 0.64375 0.38203125000000004 0.04927083333333333 0.0859375
0 0.6791666666666667 0.38203125000000004 0.04927083333333333 0.0859375
0 0.6916666666666667 0.41171875 0.0456875 0.07968750000000001
0 0.7270833333333333 0.38828125 0.06897916666666666 0.1203125
0 0.8583333333333333 0.4078125 0.15229166666666666 0.265625
0 1.0188795853269537 0.3930352393617021 0.07793749999999999 0.13593750000000002
0 0.603125 0.37734375000000003 0.03852083333333333 0.0671875
