0 1.1539506911217436 0.3984291888297873 0.11288453014184392 0.19689162234042545
0 1.071875 0.40859375000000003 0.11377083333333333 0.19843750000000002
0 0.9125 0.3953125 0.09316666666666666 0.1625
0 0.765625 0.37812500000000004 0.05375 0.09375
0 0.6989583333333333 0.39140625 0.11197916666666667 0.1953125
0 0.46670986177565116 0.396525930851064 0.17474468085106384 0.30478723404255326
0 0.34466208133971293 0.38870511968085114 0.1401597960992907 0.24446476063829775
0 0.08541666666666667 0.36640625000000004 0.10660416666666667 0.1859375
0 0.20625 0.37812500000000004 0.09495833333333333 0.16562500000000002
0 0.265625 0.37343750000000003 0.07525 0.13125
0 0.6229166666666667 0.375 0.04479166666666667 0.078125
0 0.39763922115895795 0.37418550531914907 0.07227659574468084 0.12606382978723404
