0 0.36354166666666665 0.37578125 0.0994375 0.17343750000000002
0 0.5291666666666667 0.38125000000000003 0.10570833333333333 0.184375
0 0.6208333333333333 0.3671875 0.04120833333333333 0.07187500000000001
0 0.6614583333333334 0.36562500000000003 0.04479166666666667 0.078125
0 0.7489583333333333 0.36875 0.04479166666666667 0.078125
0 0.7989583333333333 0.37109375 0.0940625 0.1640625
0 0.8364583333333333 0.37578125 0.06360416666666667 0.11093750000000001
0 0.9407545853269538 0.3804604388297873 0.09228036347517725 0.16095412234042544
0 0.996875 0.37421875000000004 0.06002083333333333 0.1046875
0 1.1679675039872408 0.38994348404255313 0.1424375 0.2484375
0 1.2907811669324827 0.384557845744681 0.08600000000000001 0.15000000000000002
