0 0.10416666666666667 0.38593750000000004 0.19170833333333331 0.33437500000000003
0 0.221875 0.37343750000000003 0.12720833333333334 0.22187500000000002
0 0.43854166666666666 0.384375 0.09854166666666667 0.171875
0 0.48020833333333335 0.375 0.050166666666666665 0.08750000000000001
0 0.5489583333333333 0.37734375000000003 0.04747916666666666 0.08281250000000001
0 0.5990015284423178 0.3758809840425532 0.0456875 0.07968750000000001
0 0.6208333333333333 0.41640625000000003 0.0510625 0.0890625
0 0.65 0.38359375 0.04747916666666666 0.08281250000000001
0 0.6791666666666667 0.38984375000000004 0.08510416666666668 0.1484375
0 0.75625 0.39849567819148946 0.10564162234042547 0.18425864361702118
0 0.8208333333333333 0.38359375 0.08152083333333333 0.1421875
0 0.8552083333333333 0.43359375 0.07793749999999999 0.13593750000000002
0 0.9 0.40468750000000003 0.05733333333333333 0.1
0 0.9791666666666666 0.39765625000000004 0.0833125 0.1453125
0 1.2145833333333333 0.403125 0.09316666666666666 0.1625
0 1.2729166666666667 0.39687500000000003 0.09316666666666666 0.1625
