0 0.540321762784329 0.4503425975539225 0.3683499889488805 0.5507012485541267
0 0.13852203408718036 0.3180380042819545 0.06443020824911981 0.12227116890229191
0 0.23824316063985979 0.3145960045023444 0.06984961104006822 0.12618858118428525
0 1.01753629940173 0.29814182098024206 0.05183686913194722 0.1043903281526017
0 0.2286618039664378 0.3128043022303476 0.04186795491143321 0.0669754747213852
0 0.36057587189842705 0.30346851754234416 0.03938319821437025 0.05738798510917294
0 0.2328014464074032 0.3904851436517657 0.1591717333945165 0.3647951112471933
0 0.5755819342557802 0.40241280305063515 0.27969424067115906 0.4402956700662016
0 0.7433459762532983 0.3958831406558227 0.20756376429199624 0.4072812461003779
0 0.06397183148621764 0.3222305253623188 0.05178625556502767 0.11318840579710138
0 1.2161492145169608 0.3504613145676408 0.20478930183679153 0.4009446361775352
