0 0.0 0.0 0.0 0.0
0 0.2860824742268041 0.20391705069124424 0.0809020618556701 0.16820276497695852
0 0.4806701030927835 0.2073732718894009 0.08644329896907216 0.17972350230414746
0 0.0 0.0 0.0 0.0
0 0.0 0.0 0.0 0.0
0 0.0 0.0 0.0 0.0
0 0.3880839047008336 0.28070399058731244 0.09309278350515462 0.1935483870967742
0 0.45618556701030927 0.28225806451612906 0.08976804123711339 0.18663594470046083
0 0.0 0.0 0.0 0.0
0 0.0 0.0 0.0 0.0
0 0.2551546391752577 0.3099078341013825 0.1075 0.22350230414746544
0 0.5322164948453608 0.6278801843317973 0.025489690721649486 0.052995391705069124
0 0.8286082474226804 0.6382488479262672 0.015515463917525773 0.03225806451612903
0 0.0 0.0 0.0 0.0
0 0.0 0.0 0.0 0.0
0 0.0 0.0 0.0 0.0
0 0.2074742268041237 0.07142857142857142 0.04876288659793814 0.10138248847926268
