0 1.003125 0.40234375 0.06181249999999999 0.1078125
0 0.47604166666666664 0.39609375 0.06897916666666666 0.1203125
0 0.025 0.3796875 0.05554166666666666 0.096875
0 0.6344726292530569 0.39296875000000003 0.06539583333333333 0.11406250000000001
0 0.7583333333333333 0.40078125000000003 0.05464583333333333 0.09531250000000001
0 0.7083333333333334 0.39375000000000004 0.05733333333333333 0.1
0 0.6697916666666667 0.39375000000000004 0.05375 0.09375
0 0.61875 0.38906250000000003 0.06091666666666666 0.10625000000000001
0 1.234375 0.4140625 0.048374999999999994 0.084375
0 0.28541666666666665 0.38203125000000004 0.03852083333333333 0.0671875
0 0.8396697235513025 0.39753158244680853 0.03866378546099291 0.06743683510638299
0 0.928125 0.39609375 0.034937499999999996 0.060937500000000006
