0 0.0 0.0 0.0 0.0
0 0.3698453608247423 0.3709677419354839 0.13077319587628866 0.271889400921659
0 0.5850515463917526 0.3790322580645161 0.1340979381443299 0.27880184331797236
0 0.0 0.0 0.0 0.0
0 0.0 0.0 0.0 0.0
0 0.0 0.0 0.0 0.0
0 0.3002577319587629 0.16705069124423963 0.0631701030927835 0.1313364055299539
0 0.37628865979381443 0.1693548387096774 0.0631701030927835 0.1313364055299539
0 0.0 0.0 0.0 0.0
0 0.0 0.0 0.0 0.0
0 0.0 0.0 0.0 0.0
0 0.2899484536082474 0.33410138248847926 0.10639175257731959 0.22119815668202764
0 0.5927835051546392 0.33755760368663595 0.1075 0.22350230414746544
0 0.4896907216494845 0.3444700460829493 0.10085051546391753 0.20967741935483872
0 0.6842783505154639 0.33986175115207373 0.0986340206185567 0.20506912442396313
0 0.2384020618556701 0.07603686635944701 0.039896907216494845 0.08294930875576037
0 0.18041237113402062 0.07949308755760369 0.041005154639175256 0.08525345622119816
