0 0.0625 0.3640625 0.10929166666666666 0.19062500000000002
0 0.18645833333333334 0.3796875 0.09495833333333333 0.16562500000000002
0 0.24166666666666667 0.36953125000000003 0.07614583333333333 0.1328125
0 0.3125 0.38515625000000003 0.15139583333333334 0.26406250000000003
0 0.4395833333333333 0.39921875 0.19797916666666668 0.3453125
0 0.6854166666666667 0.39765625000000004 0.1101875 0.1921875
0 0.9104166666666667 0.4 0.09495833333333333 0.16562500000000002
0 1.1510416666666667 0.40234375 0.1101875 0.1921875
0 0.7583333333333333 0.38515625000000003 0.05285416666666667 0.0921875
0 0.614626528442318 0.3796875 0.048374999999999994 0.084375
