0 0.1625 0.434375 0.360125 0.628125
0 0.5813795853269537 0.3888214760638298 0.1274847074468085 0.22235704787234045
0 0.6865879186602871 0.39921875 0.12272916666666665 0.21406250000000002
0 0.35941819510898465 0.3765625 0.07166666666666666 0.125
0 0.4198348617756513 0.3828125 0.0645 0.1125
0 0.3104515550239234 0.3725897606382979 0.07593617021276594 0.13244680851063828
0 0.44229631844763423 0.3813663563829787 0.054893617021276576 0.0957446808510638
0 0.47313098086124394 0.3829621010638298 0.042085106382978736 0.07340425531914896
0 0.8906781632110582 0.39891954787234046 0.06038297872340421 0.10531914893617014
0 0.9696753721424775 0.4076961436170213 0.11802127659574463 0.20585106382978716
0 0.8271979665071767 0.3973238031914894 0.060382978723404264 0.10531914893617023
0 0.9303345959595957 0.39572805851063836 0.060382978723404264 0.10531914893617023
