0 0.0 0.0 0.0 0.0
0 0.3801546391752577 0.391705069124424 0.13298969072164948 0.2764976958525346
0 0.5876288659793815 0.39631336405529954 0.13742268041237113 0.2857142857142857
0 0.0 0.0 0.0 0.0
0 0.0 0.0 0.0 0.0
0 0.0 0.0 0.0 0.0
0 0.3002577319587629 0.15898617511520738 0.05984536082474226 0.12442396313364056
0 0.37371134020618557 0.16129032258064516 0.06427835051546392 0.1336405529953917
0 0.0 0.0 0.0 0.0
0 0.0 0.0 0.0 0.0
0 0.0 0.0 0.0 0.0
0 0.2963917525773196 0.31682027649769584 0.10085051546391753 0.20967741935483872
0 0.5541237113402062 0.315668202764977 0.10417525773195876 0.21658986175115208
0 0.47164948453608246 0.3271889400921659 0.09752577319587628 0.20276497695852536
0 0.6365979381443299 0.3271889400921659 0.09530927835051545 0.19815668202764977
0 0.2345360824742268 0.07834101382488479 0.039896907216494845 0.08294930875576037
0 0.18327229155362632 0.07258064516129033 0.047654639175257724 0.09907834101382489
