0 0.0 0.0 0.0 0.0
0 0.3079896907216495 0.24539170506912442 0.09420103092783504 0.195852534562212
0 0.509020618556701 0.2465437788018433 0.09530927835051545 0.19815668202764977
0 0.0 0.0 0.0 0.0
0 0.0 0.0 0.0 0.0
0 0.0 0.0 0.0 0.0
0 0.36597938144329895 0.2304147465437788 0.07979381443298969 0.16589861751152074
0 0.431701030927835 0.2304147465437788 0.07979381443298969 0.16589861751152074
0 0.0 0.0 0.0 0.0
0 0.0 0.0 0.0 0.0
0 0.21649484536082475 0.23387096774193547 0.08755154639175257 0.18202764976958524
0 0.3711340206185567 0.5830939307775271 0.1730257183592893 0.35973624865182857
0 0.615979381443299 0.609978919501912 0.18558899978065366 0.38585645651534467
0 0.461340206185567 0.6157932150210804 0.16901716385172186 0.3514020982449259
0 0.7338711997895394 0.6236028041964897 0.1743131717481903 0.3624129816648689
0 0.0 0.0 0.0 0.0
