0 0.32025867738700076 0.7344470046082949 0.1546005154639175 0.32142857142857145
0 0.2706185567010309 0.14631336405529954 0.06538659793814433 0.1359447004608295
0 0.3556701030927835 0.1497695852534562 0.06871134020618556 0.14285714285714285
0 0.4245229697956231 0.3912074713207177 0.09800444176354464 0.20376017256593787
0 0.336340206185567 0.402073732718894 0.12301546391752577 0.2557603686635945
0 0.22938144329896906 0.38018433179723504 0.1352061855670103 0.28110599078341014
0 0.45618556701030927 0.4504608294930876 0.1318814432989691 0.27419354838709675
0 0.5889175257731959 0.46132709089126384 0.14011784382540032 0.2913177762525738
0 0.34664948453608246 0.6505956466320226 0.16481525553849524 0.3426659476419256
0 0.20231958762886598 0.6775345622119816 0.1663479381443299 0.34585253456221204
0 0.5605670103092784 0.6924036670261791 0.17400191928054398 0.3617658593979802
0 0.0 0.0 0.0 0.0
0 0.0 0.0 0.0 0.0
0 0.0 0.0 0.0 0.0
0 0.0 0.0 0.0 0.0
0 0.0 0.0 0.0 0.0
0 0.3247422680412371 0.0609054809295029 0.04558669664400086 0.09477889989214626
