0 0.47812499999999997 0.375 0.06091666666666666 0.10625000000000001
0 0.5729166666666666 0.3765625 0.051958333333333336 0.09062500000000001
0 0.6104166666666666 0.38203125000000004 0.05285416666666667 0.0921875
0 0.6541666666666667 0.40156250000000004 0.04120833333333333 0.07187500000000001
0 0.7032113902179691 0.38671875 0.058229166666666665 0.1015625
0 0.7385416666666667 0.38828125 0.06897916666666666 0.1203125
0 0.79375 0.40546875000000004 0.0456875 0.07968750000000001
0 1.0052083333333333 0.38671875 0.08152083333333333 0.1421875
0 1.028125 0.38671875 0.07435416666666667 0.1296875
0 1.1114583333333332 0.39140625 0.07614583333333333 0.1328125
0 0.767486268939394 0.38087599734042565 0.047012189716311964 0.08199800531914879
0 0.6921634104199893 0.3837599734042555 0.05763829787234042 0.10053191489361701
