0 0.3989583333333333 0.38515625000000003 0.12272916666666665 0.21406250000000002
0 0.54375 0.39140625 0.13885416666666667 0.2421875
0 0.6052083333333333 0.37734375000000003 0.0510625 0.0890625
0 0.6302083333333334 0.37109375 0.04747916666666666 0.08281250000000001
0 0.7052083333333333 0.38046875 0.042104166666666665 0.0734375
0 0.7375 0.37734375000000003 0.03135416666666666 0.0546875
0 0.765625 0.37812500000000004 0.04120833333333333 0.07187500000000001
0 0.8114583333333333 0.37890625 0.04927083333333333 0.0859375
0 0.903125 0.38984375000000004 0.06360416666666667 0.11093750000000001
0 0.9562499999999999 0.39140625 0.1352708333333333 0.23593750000000002
0 1.05625 0.39453125 0.11377083333333333 0.19843750000000002
