0 0.26979166666666665 0.3765625 0.11645833333333333 0.203125
0 0.3520833333333333 0.375 0.12183333333333332 0.21250000000000002
0 0.4010416666666667 0.36484375 0.05285416666666667 0.0921875
0 0.471875 0.38125000000000003 0.03045833333333333 0.053125000000000006
0 0.5041666666666667 0.36484375 0.04927083333333333 0.0859375
0 0.5729166666666666 0.3671875 0.059125 0.10312500000000001
0 0.6177083333333333 0.38515625000000003 0.03852083333333333 0.0671875
0 0.7427083333333333 0.36328125 0.05464583333333333 0.09531250000000001
0 0.8052083333333333 0.37109375 0.0456875 0.07968750000000001
0 0.7135416666666666 0.36796875 0.04927083333333333 0.0859375
0 1.271875 0.36562500000000003 0.051958333333333336 0.09062500000000001
