0 0.0 0.0 0.0 0.0
0 0.0 0.0 0.0 0.0
0 0.0 0.0 0.0 0.0
0 0.0 0.0 0.0 0.0
0 0.0 0.0 0.0 0.0
0 0.0 0.0 0.0 0.0
0 0.26288659793814434 0.0944700460829493 0.04654639175257731 0.0967741935483871
0 0.3376288659793814 0.09907834101382489 0.04654639175257731 0.0967741935483871
0 0.0 0.0 0.0 0.0
0 0.0 0.0 0.0 0.0
0 0.0 0.0 0.0 0.0
0 0.0 0.0 0.0 0.0
0 0.23969072164948454 0.19700460829493088 0.07646907216494844 0.15898617511520738
0 0.0 0.0 0.0 0.0
0 0.0 0.0 0.0 0.0
0 0.22551546391752578 0.15668202764976957 0.05984536082474226 0.12442396313364056
0 0.3991865206596623 0.056451612903225805 0.03435567010309278 0.07142857142857142
0 0.0 0.0 0.0 0.0
0 0.0 0.0 0.0 0.0
0 0.3247422680412371 0.3629032258064516 0.12966494845360826 0.2695852534562212
