0 0.0 0.0 0.0 0.0
0 0.2770618556701031 0.19009216589861752 0.07868556701030928 0.16359447004608296
0 0.4304123711340206 0.1889400921658986 0.07757731958762885 0.16129032258064516
0 0.4753685114848977 0.7048754779880381 0.1638343386707612 0.3406265320129426
0 0.3079896907216495 0.6968109618590057 0.16610270892739637 0.34534268065496615
0 0.0 0.0 0.0 0.0
0 0.3994845360824742 0.31336405529953915 0.10195876288659794 0.2119815668202765
0 0.5012886597938144 0.3076036866359447 0.0986340206185567 0.20506912442396313
0 0.0 0.0 0.0 0.0
0 0.0 0.0 0.0 0.0
0 0.3337628865979381 0.3640552995391705 0.12190721649484536 0.2534562211981567
0 0.0 0.0 0.0 0.0
0 0.0 0.0 0.0 0.0
0 0.0 0.0 0.0 0.0
0 0.0 0.0 0.0 0.0
0 0.0 0.0 0.0 0.0
0 0.29381443298969073 0.07027649769585254 0.047654639175257724 0.09907834101382489
