0 0.15833333333333333 0.38359375 0.17647916666666666 0.30781250000000004
0 0.25 0.375 0.12183333333333332 0.21250000000000002
0 0.46041666666666664 0.38359375 0.08510416666666668 0.1484375
0 0.5010416666666666 0.37734375000000003 0.04747916666666666 0.08281250000000001
0 0.5666666666666667 0.38046875 0.04747916666666666 0.08281250000000001
0 0.6167962519936203 0.37545711436170226 0.045201462765957524 0.078839760638298
0 0.6166666666666667 0.41484375 0.04927083333333333 0.0859375
0 0.6833333333333333 0.39296875000000003 0.08152083333333333 0.1421875
0 0.7760416666666666 0.4 0.1075 0.1875
0 0.8333333333333334 0.38984375000000004 0.07793749999999999 0.13593750000000002
0 0.86875 0.43281250000000004 0.07345833333333333 0.12812500000000002
0 0.9770833333333333 0.39609375 0.08152083333333333 0.1421875
0 1.184375 0.403125 0.08958333333333333 0.15625
0 1.3032444510898458 0.40159574468085113 0.1075 0.1875
