0 0.0 0.0 0.0 0.0
0 0.27835051546391754 0.1912442396313364 0.07757731958762885 0.16129032258064516
0 0.43427835051546393 0.1935483870967742 0.07979381443298969 0.16589861751152074
0 0.47180054752626643 0.6938645945680949 0.1488093331871024 0.309388175311305
0 0.31443298969072164 0.6982718894009217 0.1463994845360825 0.3043778801843319
0 0.0 0.0 0.0 0.0
0 0.39304123711340205 0.30184331797235026 0.09752577319587628 0.20276497695852536
0 0.5038659793814433 0.3076036866359447 0.0986340206185567 0.20506912442396313
0 0.0 0.0 0.0 0.0
0 0.0 0.0 0.0 0.0
0 0.3234536082474227 0.3513824884792627 0.12079896907216493 0.2511520737327189
0 0.0 0.0 0.0 0.0
0 0.0 0.0 0.0 0.0
0 0.0 0.0 0.0 0.0
0 0.0 0.0 0.0 0.0
0 0.0 0.0 0.0 0.0
0 0.28350515463917525 0.07027649769585254 0.047654639175257724 0.09907834101382489
