0 0.0 0.0 0.0 0.0
0 0.3698453608247423 0.3271889400921659 0.1174742268041237 0.24423963133640553
0 0.5927835051546392 0.3352534562211982 0.11858247422680411 0.2465437788018433
0 0.0 0.0 0.0 0.0
0 0.0 0.0 0.0 0.0
0 0.0 0.0 0.0 0.0
0 0.2822164948453608 0.18202764976958524 0.07092783505154639 0.14746543778801843
0 0.3853092783505155 0.18087557603686635 0.06760309278350515 0.14055299539170507
0 0.0 0.0 0.0 0.0
0 0.0 0.0 0.0 0.0
0 0.0 0.0 0.0 0.0
0 0.32216494845360827 0.3813364055299539 0.11858247422680411 0.2465437788018433
0 0.6378865979381443 0.39055299539170507 0.11858247422680411 0.2465437788018433
0 0.4162371134020618 0.39285714285714285 0.11414948453608247 0.23732718894009217
0 0.7345360824742267 0.391705069124424 0.10639175257731959 0.22119815668202764
0 0.24484536082474226 0.06682027649769585 0.037680412371134016 0.07834101382488479
0 0.18041237113402062 0.07949308755760369 0.041005154639175256 0.08525345622119816
