0 0.79375 0.45426363031914896 0.050652703900709195 0.0883477393617021
0 0.7177083333333333 0.4518700132978724 0.053397384751772976 0.09313497340425521
0 1.0198348617756512 0.45234375000000004 0.0510625 0.0890625
0 1.321875 0.4375 0.050166666666666665 0.08750000000000001
0 1.2979166666666666 0.4390625 0.051958333333333336 0.09062500000000001
0 1.2385416666666667 0.45078125 0.05464583333333333 0.09531250000000001
0 1.20625 0.4463680186170213 0.05074800531914894 0.08851396276595747
0 1.1489583333333333 0.44765625000000003 0.05464583333333333 0.09531250000000001
0 1.1791666666666667 0.45078125 0.05464583333333333 0.09531250000000001
0 0.29375 0.45390625 0.058229166666666665 0.1015625
0 0.5447916666666667 0.4518700132978724 0.053397384751772976 0.09313497340425521
0 0.578125 0.4486951462765958 0.055246232269503544 0.09635970744680851
0 0.5000431951089845 0.45813663563829793 0.05875332446808505 0.10247672872340417
0 0.7580857921318447 0.3079621010638298 0.03842553191489363 0.06702127659574471
