0 0.29916637892763775 0.6834959309736247 0.1569537727571835 0.3263212079615647
0 0.2603092783505155 0.14170506912442396 0.06538659793814433 0.1359447004608295
0 0.35695876288659795 0.14400921658986174 0.06760309278350515 0.14055299539170507
0 0.4252577319587629 0.3766668300813805 0.10079156613292387 0.20955485831944304
0 0.32989690721649484 0.37442396313364057 0.11414948453608247 0.23732718894009217
0 0.23324742268041238 0.3813364055299539 0.1340979381443299 0.27880184331797236
0 0.43943298969072164 0.4804147465437788 0.13853092783505155 0.2880184331797235
0 0.5657216494845361 0.4769585253456221 0.14185567010309277 0.29493087557603687
0 0.11964291586510796 0.6414329836258457 0.16265063610440886 0.3381655064221983
0 0.0 0.0 0.0 0.0
0 0.0 0.0 0.0 0.0
0 0.0 0.0 0.0 0.0
0 0.0 0.0 0.0 0.0
0 0.0 0.0 0.0 0.0
0 0.0 0.0 0.0 0.0
0 0.3002577319587629 0.05900333366016278 0.04741648387804342 0.09858319443082653
