0 0.0 0.0 0.0 0.0
0 0.41881443298969073 0.43202764976958524 0.1429639175257732 0.29723502304147464
0 0.634020618556701 0.43548387096774194 0.1440721649484536 0.2995391705069124
0 0.0 0.0 0.0 0.0
0 0.0 0.0 0.0 0.0
0 0.0 0.0 0.0 0.0
0 0.31958762886597936 0.15207373271889402 0.06206185567010309 0.12903225806451613
0 0.37757731958762886 0.1532258064516129 0.06095360824742268 0.12672811059907835
0 0.0 0.0 0.0 0.0
0 0.0 0.0 0.0 0.0
0 0.0 0.0 0.0 0.0
0 0.29381443298969073 0.2891705069124424 0.09420103092783504 0.195852534562212
0 0.4793814432989691 0.29147465437788017 0.09641752577319587 0.20046082949308755
0 0.4007731958762887 0.29359986273164035 0.08737941434525112 0.18166977154622996
0 0.5773195876288659 0.2960829493087558 0.08533505154639175 0.1774193548387097
0 0.23195876288659795 0.08525345622119816 0.04211340206185567 0.08755760368663594
0 0.20231958762886598 0.07373271889400922 0.05097938144329897 0.10599078341013825
