0 0.0 0.0 0.0 0.0
0 0.27319587628865977 0.16129032258064516 0.06871134020618556 0.14285714285714285
0 0.38788659793814434 0.16589861751152074 0.07314432989690721 0.15207373271889402
0 0.4149484536082474 0.4965437788018433 0.1318814432989691 0.27419354838709675
0 0.2654639175257732 0.5023041474654378 0.1440721649484536 0.2995391705069124
0 0.23324742268041238 0.3294930875576037 0.11304123711340205 0.2350230414746544
0 0.5 0.3836405529953917 0.11636597938144329 0.24193548387096775
0 0.5936189759779016 0.3787160505931954 0.11162881114279448 0.23208647906657517
0 0.0 0.0 0.0 0.0
0 0.5986729064930367 0.510395627022257 0.14963933976749283 0.3111138346896754
0 0.0 0.0 0.0 0.0
0 0.0 0.0 0.0 0.0
0 0.0 0.0 0.0 0.0
0 0.0 0.0 0.0 0.0
0 0.0 0.0 0.0 0.0
0 0.32989690721649484 0.06566820276497695 0.04322164948453608 0.08986175115207373
