0 0.3541666666666667 0.38593750000000004 0.14154166666666665 0.246875
0 0.440625 0.39140625 0.1908125 0.3328125
0 0.5177083333333333 0.3796875 0.06270833333333332 0.109375
0 0.6459197235513024 0.37620511968085113 0.03982646276595737 0.06946476063829775
0 0.7032113902179692 0.37812500000000004 0.04120833333333333 0.07187500000000001
0 0.7677083333333333 0.38125000000000003 0.04479166666666667 0.078125
0 0.8667530568846358 0.384375 0.06987499999999999 0.12187500000000001
0 1.1208333333333333 0.39921875 0.2212708333333333 0.38593750000000004
0 1.00625 0.38125000000000003 0.05554166666666666 0.096875
0 1.3061984981392878 0.4076961436170214 0.1253404255319149 0.2186170212765958
