0 0.0 0.0 0.0 0.0
0 0.4149484536082474 0.434331797235023 0.14518041237113402 0.30184331797235026
0 0.6404639175257731 0.4412442396313364 0.14961340206185567 0.31105990783410137
0 0.0 0.0 0.0 0.0
0 0.0 0.0 0.0 0.0
0 0.0 0.0 0.0 0.0
0 0.3170103092783505 0.15092165898617513 0.06095360824742268 0.12672811059907835
0 0.3788659793814433 0.1532258064516129 0.06095360824742268 0.12672811059907835
0 0.0 0.0 0.0 0.0
0 0.0 0.0 0.0 0.0
0 0.0 0.0 0.0 0.0
0 0.2912371134020619 0.2891705069124424 0.09420103092783504 0.195852534562212
0 0.4768041237113402 0.2880184331797235 0.09530927835051545 0.19815668202764977
0 0.39690721649484534 0.29169771546230017 0.08554962711120857 0.1778654770075497
0 0.5592783505154639 0.2926267281105991 0.08644329896907216 0.17972350230414746
0 0.22938144329896906 0.08525345622119816 0.04211340206185567 0.08755760368663594
0 0.20876288659793815 0.07373271889400922 0.05097938144329897 0.10599078341013825
