0 0.23854166666666665 0.36953125000000003 0.24097916666666666 0.42031250000000003
0 0.4552083333333333 0.38906250000000003 0.15766666666666665 0.275
0 0.5114583333333333 0.36875 0.04120833333333333 0.07187500000000001
0 0.5447916666666667 0.36796875 0.03852083333333333 0.0671875
0 0.5927083333333333 0.36875 0.04120833333333333 0.07187500000000001
0 0.64375 0.37343750000000003 0.03583333333333333 0.0625
0 0.6895833333333333 0.37109375 0.0403125 0.0703125
0 0.8322916666666667 0.375 0.050166666666666665 0.08750000000000001
0 1.1542098617756513 0.39852892287234054 0.10202016843971623 0.177942154255319
0 0.3795637293992557 0.36620678191489375 0.044829787234042524 0.07819148936170209
