0 0.0 0.0 0.0 0.0
0 0.30927835051546393 0.2534562211981567 0.09752577319587628 0.20276497695852536
0 0.5038659793814433 0.25806451612903225 0.09752577319587628 0.20276497695852536
0 0.0 0.0 0.0 0.0
0 0.0 0.0 0.0 0.0
0 0.0 0.0 0.0 0.0
0 0.3556701030927835 0.22004608294930875 0.07868556701030928 0.16359447004608296
0 0.4329896907216495 0.22350230414746544 0.07757731958762885 0.16129032258064516
0 0.0 0.0 0.0 0.0
0 0.0 0.0 0.0 0.0
0 0.2152061855670103 0.22350230414746544 0.08644329896907216 0.17972350230414746
0 0.35051546391752575 0.5554049416609471 0.16855500109673174 0.3504412197274243
0 0.6069587628865979 0.5672737523286597 0.16445684360605398 0.3419207765467203
0 0.466394136700702 0.5759412687518384 0.1542892629962711 0.3207814491616825
0 0.7097535309689407 0.5797455632905186 0.1542892629962711 0.3207814491616825
0 0.0 0.0 0.0 0.0
