0 0.0 0.0 0.0 0.0
0 0.0 0.0 0.0 0.0
0 0.0 0.0 0.0 0.0
0 0.0 0.0 0.0 0.0
0 0.0 0.0 0.0 0.0
0 0.0 0.0 0.0 0.0
0 0.2229381443298969 0.08179723502304148 0.0454381443298969 0.0944700460829493
0 0.3518041237113402 0.08525345622119816 0.04654639175257731 0.0967741935483871
0 0.0 0.0 0.0 0.0
0 0.0 0.0 0.0 0.0
0 0.0 0.0 0.0 0.0
0 0.0 0.0 0.0 0.0
0 0.0 0.0 0.0 0.0
0 0.0 0.0 0.0 0.0
0 0.0 0.0 0.0 0.0
0 0.21649484536082475 0.20622119815668202 0.0720360824742268 0.1497695852534562
0 0.4027544846182936 0.05529953917050691 0.03324742268041237 0.06912442396313365
0 0.0 0.0 0.0 0.0
0 0.2117214603988885 0.32373271889400923 0.10085051546391753 0.20967741935483872
0 0.6018041237113402 0.5559000882439454 0.1845467756086861 0.3836895774095499
