0 0.295993028494385 0.5984189626433963 0.1601134568984427 0.33289047945877054
0 0.2603092783505155 0.12788018433179724 0.0631701030927835 0.1313364055299539
0 0.3646907216494845 0.1313364055299539 0.06206185567010309 0.12903225806451613
0 0.384020618556701 0.3352068830277478 0.09858921912700154 0.2049759780370625
0 0.2625885825153324 0.33064516129032256 0.0986340206185567 0.20506912442396313
0 0.3234536082474227 0.4000416707520345 0.12771018863785918 0.2655211295225022
0 0.4162371134020618 0.5565570153936661 0.16744675367405135 0.34813707226198654
0 0.6030927835051546 0.5598122364937739 0.16614515244571176 0.345430924600451
0 0.0 0.0 0.0 0.0
0 0.0 0.0 0.0 0.0
0 0.0 0.0 0.0 0.0
0 0.0 0.0 0.0 0.0
0 0.0 0.0 0.0 0.0
0 0.0 0.0 0.0 0.0
0 0.0 0.0 0.0 0.0
0 0.0 0.0 0.0 0.0
0 0.24611038491260953 0.04435483870967742 0.04155927835051546 0.08640552995391705
