0 0.0 0.0 0.0 0.0
0 0.297680412371134 0.21774193548387097 0.08533505154639175 0.1774193548387097
0 0.4922680412371134 0.22004608294930875 0.08755154639175257 0.18202764976958524
0 0.0 0.0 0.0 0.0
0 0.0 0.0 0.0 0.0
0 0.0 0.0 0.0 0.0
0 0.3711340206185567 0.25921658986175117 0.08755154639175257 0.18202764976958524
0 0.4420103092783505 0.2626728110599078 0.0908762886597938 0.1889400921658986
0 0.0 0.0 0.0 0.0
0 0.0 0.0 0.0 0.0
0 0.2461340206185567 0.28110599078341014 0.10195876288659794 0.2119815668202765
0 0.42783505154639173 0.7103809196980096 0.17134684141259052 0.3562457103637612
0 0.7186066443052334 0.7169452887537994 0.15771304014038168 0.32789979409746056
0 0.538659793814433 0.6145136778115501 0.03834771879798206 0.07972840474556338
0 0.8028350515463918 0.7316673203255221 0.15635956350076768 0.3250857927247769
0 0.0 0.0 0.0 0.0
0 0.17862838915470491 0.07732865967251693 0.04308724500987057 0.08958231199137169
