0 0.0 0.0 0.0 0.0
0 0.4368556701030928 0.45852534562211983 0.15072164948453606 0.31336405529953915
0 0.6765463917525774 0.47119815668202764 0.15847938144329898 0.3294930875576037
0 0.0 0.0 0.0 0.0
0 0.0 0.0 0.0 0.0
0 0.0 0.0 0.0 0.0
0 0.31829896907216493 0.14631336405529954 0.05873711340206185 0.12211981566820276
0 0.38273195876288657 0.14400921658986174 0.05873711340206185 0.12211981566820276
0 0.0 0.0 0.0 0.0
0 0.0 0.0 0.0 0.0
0 0.0 0.0 0.0 0.0
0 0.27319587628865977 0.27534562211981567 0.09420103092783504 0.195852534562212
0 0.452319587628866 0.27764976958525345 0.08976804123711339 0.18663594470046083
0 0.37757731958762886 0.27880184331797236 0.08422680412371134 0.17511520737327188
0 0.5231958762886598 0.28110599078341014 0.08644329896907216 0.17972350230414746
0 0.2268041237113402 0.08755760368663594 0.04211340206185567 0.08755760368663594
0 0.23711340206185566 0.07027649769585254 0.047654639175257724 0.09907834101382489
