0 0.0896697235513025 0.3885222739361702 0.07407779255319152 0.12920545212765963
0 0.35625 0.37890625 0.0510625 0.0890625
0 0.6260416666666666 0.38671875 0.04927083333333333 0.0859375
0 1.2 0.41640625000000003 0.10660416666666667 0.1859375
0 1.2989583333333332 0.434375 0.09674999999999999 0.16875
0 1.28125 0.39765625000000004 0.07793749999999999 0.13593750000000002
0 1.24375 0.39453125 0.06002083333333333 0.1046875
0 0.6039124800637958 0.39732380319148936 0.03659574468085105 0.06382978723404253
0 0.8027428894205211 0.3821642287234043 0.037510638297872316 0.06542553191489357
0 0.3349066321105794 0.3789727393617021 0.043000000000000003 0.07500000000000001
0 0.4391065257841573 0.37737699468085106 0.03568085106382979 0.062234042553191496
0 0.5337370414673046 0.3853557180851064 0.032021276595744684 0.055851063829787245
0 0.24133938064859117 0.3821642287234043 0.037510638297872316 0.06542553191489357
0 0.27004751461988297 0.3853557180851064 0.03385106382978721 0.05904255319148932
0 0.7740347554492291 0.38375997340425533 0.03568085106382979 0.062234042553191496
