0 0.0 0.0 0.0 0.0
0 0.3118556701030928 0.2511520737327189 0.09309278350515462 0.1935483870967742
0 0.5038659793814433 0.25460829493087556 0.0986340206185567 0.20506912442396313
0 0.0 0.0 0.0 0.0
0 0.0 0.0 0.0 0.0
0 0.0 0.0 0.0 0.0
0 0.36082474226804123 0.22580645161290322 0.07979381443298969 0.16589861751152074
0 0.431701030927835 0.22926267281105991 0.07868556701030928 0.16359447004608296
0 0.0 0.0 0.0 0.0
0 0.0 0.0 0.0 0.0
0 0.21262886597938144 0.22926267281105991 0.08755154639175257 0.18202764976958524
0 0.3698453608247423 0.5847950779488186 0.17687864663303357 0.36774683792528684
0 0.6069587628865979 0.5845940778507697 0.17890178767273524 0.3719531326600647
0 0.452319587628866 0.5995710363761153 0.16449457117788988 0.3419992156093734
0 0.7358247422680412 0.5965168153740563 0.16377303136652774 0.34049906853613104
0 0.0 0.0 0.0 0.0
