0 0.2125 0.45 0.32787499999999997 0.571875
0 0.42083333333333334 0.38359375 0.0671875 0.1171875
0 0.5812931951089846 0.3875 0.12541666666666665 0.21875
0 0.6889736177565124 0.39375000000000004 0.12541666666666665 0.21875
0 0.3614583333333333 0.37578125 0.0725625 0.1265625
0 0.877171384901648 0.4005152925531915 0.060382978723404236 0.10531914893617018
0 0.9218284821903243 0.39572805851063836 0.060382978723404264 0.10531914893617023
0 0.9675488437001595 0.4045046542553191 0.11802127659574466 0.2058510638297872
0 0.4454861111111111 0.3813663563829788 0.05123404255319147 0.08936170212765955
0 0.47419424508240293 0.3821642287234043 0.04117021276595747 0.07180851063829792
0 0.8208183811802232 0.3973238031914894 0.060382978723404264 0.10531914893617023
