0 0.0 0.0 0.0 0.0
0 0.4677835051546392 0.5609103833709187 0.17606750383856104 0.3660603980782429
0 0.7164948453608248 0.5697249730365722 0.17124780653652116 0.35603980782429645
0 0.0 0.0 0.0 0.0
0 0.0 0.0 0.0 0.0
0 0.0 0.0 0.0 0.0
0 0.3054123711340206 0.12903225806451613 0.055412371134020616 0.1152073732718894
0 0.3646907216494845 0.13018433179723501 0.054304123711340205 0.11290322580645161
0 0.0 0.0 0.0 0.0
0 0.0 0.0 0.0 0.0
0 0.0 0.0 0.0 0.0
0 0.2551546391752577 0.2315668202764977 0.0809020618556701 0.16820276497695852
0 0.431701030927835 0.2350230414746544 0.08201030927835051 0.17050691244239632
0 0.36082474226804123 0.23847926267281105 0.07868556701030928 0.16359447004608296
0 0.47164948453608246 0.24308755760368664 0.07425257731958762 0.1543778801843318
0 0.211340206185567 0.10368663594470046 0.04876288659793814 0.10138248847926268
0 0.36082474226804123 0.07133787626237863 0.04867564158806752 0.10120109814687706
