0 0.30008832846003897 0.25172354516502604 0.17528662420382163 0.3335263462651998
0 0.401452850877193 0.250854986971627 0.1780254777070064 0.3387376954255936
0 0.5106146442495128 0.2847287565141864 0.20632696390658173 0.39258830341632894
0 0.6304976851851852 0.294282896641575 0.1871549893842888 0.35610885929357283
0 0.6509655214424952 0.21350698465547185 0.1588535031847134 0.30225825130283734
0 0.9160727339181287 0.3298937825709322 0.20084925690021233 0.3821656050955415
0 0.8809850146198831 0.2699632672264041 0.18898089171974528 0.3595830920671686
0 0.8039869639376219 0.2152441010422698 0.1606794055201699 0.3057324840764332
0 0.7542793615984406 0.3307623407643312 0.20723991507431005 0.394325419803127
0 0.47942556042885 0.3316308989577301 0.2227600849256901 0.42385639837869155
0 0.1717856750219877 0.39395606594110116 0.221056338028169 0.42061459667093476
0 0.33625357299912045 0.06841189180537764 0.06661971830985922 0.1267605633802818
