0 0.28125 0.39296875000000003 0.11914583333333333 0.2078125
0 0.43124999999999997 0.375 0.102125 0.178125
0 0.475 0.371875 0.08420833333333333 0.146875
0 0.6364583333333333 0.37890625 0.04927083333333333 0.0859375
0 0.6854166666666667 0.40859375000000003 0.0456875 0.07968750000000001
0 0.6895833333333333 0.36796875 0.042104166666666665 0.0734375
0 0.74375 0.38828125 0.0725625 0.1265625
0 0.859375 0.38984375000000004 0.09227083333333333 0.1609375
0 0.9375 0.421875 0.06091666666666666 0.10625000000000001
0 0.9041666666666667 0.3796875 0.06270833333333332 0.109375
0 1.0822916666666667 0.38984375000000004 0.058229166666666665 0.1015625
0 1.20625 0.4234375 0.2830833333333333 0.49375
0 0.7857306618819777 0.38296210106382994 0.04391489361702131 0.07659574468085113
