0 0.0 0.0 0.0 0.0
0 0.28586153175816764 0.20016423178743015 0.08394148936170215 0.1745220119619571
0 0.4497422680412371 0.19930875576036866 0.0809020618556701 0.16820276497695852
0 0.0 0.0 0.0 0.0
0 0.3899367385192126 0.2960829493087558 0.09641752577319587 0.20046082949308755
0 0.4896907216494845 0.2926267281105991 0.09530927835051545 0.19815668202764977
0 0.0 0.0 0.0 0.0
0 0.0 0.0 0.0 0.0
0 0.2912371134020619 0.33986175115207373 0.11414948453608247 0.23732718894009217
0 0.0 0.0 0.0 0.0
0 0.0 0.0 0.0 0.0
0 0.0 0.0 0.0 0.0
0 0.0 0.0 0.0 0.0
0 0.0 0.0 0.0 0.0
0 0.25644329896907214 0.07142857142857142 0.04876288659793814 0.10138248847926268
