0 0.39166666666666666 0.39687500000000003 0.10033333333333333 0.17500000000000002
0 0.44687499999999997 0.38359375 0.0886875 0.1546875
0 0.47604166666666664 0.37812500000000004 0.07166666666666666 0.125
0 0.6364583333333333 0.38203125000000004 0.05285416666666667 0.0921875
0 0.6782545853269538 0.3867187500000001 0.04747916666666666 0.08281250000000001
0 0.69375 0.41328125000000004 0.043895833333333335 0.0765625
0 0.725 0.38828125 0.06897916666666666 0.1203125
0 0.8229166666666666 0.39921875 0.1424375 0.2484375
0 0.8916021232057416 0.4181765292553193 0.06025908687943274 0.1051030585106385
0 1.0083333333333333 0.38984375000000004 0.07793749999999999 0.13593750000000002
0 0.6072916666666667 0.37890625 0.0403125 0.0703125
