0 0.0 0.0 0.0 0.0
0 0.27319587628865977 0.15552995391705068 0.06981958762886598 0.14516129032258066
0 0.37757731958762886 0.1578341013824885 0.0720360824742268 0.1497695852534562
0 0.40850515463917525 0.4435483870967742 0.12079896907216493 0.2511520737327189
0 0.27319587628865977 0.44815668202764974 0.12744845360824741 0.26497695852534564
0 0.26288659793814434 0.35599078341013823 0.12301546391752577 0.2557603686635945
0 0.5064432989690721 0.41013824884792627 0.12190721649484536 0.2534562211981567
0 0.6082474226804123 0.4112903225806452 0.12079896907216493 0.2511520737327189
0 0.5463917525773195 0.6783385626041769 0.15825537398552317 0.32902735562310037
0 0.31443298969072164 0.7086944798509658 0.125394658916429 0.2607069320521619
0 0.645618556701031 0.5932615942739484 0.1650746325948673 0.3432052161976665
0 0.0 0.0 0.0 0.0
0 0.0 0.0 0.0 0.0
0 0.0 0.0 0.0 0.0
0 0.0 0.0 0.0 0.0
0 0.0 0.0 0.0 0.0
0 0.3479381443298969 0.06566820276497695 0.04322164948453608 0.08986175115207373
