0 0.10729166666666666 0.37421875000000004 0.3610208333333333 0.6296875000000001
0 0.25038446139021797 0.38359375 0.17647916666666666 0.30781250000000004
0 0.45208333333333334 0.36484375 0.04927083333333333 0.0859375
0 0.48962652844231797 0.37265625 0.042104166666666665 0.0734375
0 0.5166666666666666 0.36875 0.03583333333333333 0.0625
0 0.540625 0.36875 0.037625 0.065625
0 0.575 0.37031250000000004 0.04479166666666667 0.078125
0 0.6375 0.37265625 0.0403125 0.0703125
0 0.6854166666666667 0.37265625 0.042104166666666665 0.0734375
0 0.8469181951089846 0.3765625 0.051958333333333336 0.09062500000000001
