0 0.0 0.0 0.0 0.0
0 0.0 0.0 0.0 0.0
0 0.0 0.0 0.0 0.0
0 0.0 0.0 0.0 0.0
0 0.0 0.0 0.0 0.0
0 0.0 0.0 0.0 0.0
0 0.2654639175257732 0.10138248847926268 0.053195876288659794 0.11059907834101382
0 0.34664948453608246 0.10023041474654378 0.047654639175257724 0.09907834101382489
0 0.0 0.0 0.0 0.0
0 0.0 0.0 0.0 0.0
0 0.0 0.0 0.0 0.0
0 0.0 0.0 0.0 0.0
0 0.2654639175257732 0.1923963133640553 0.07425257731958762 0.1543778801843318
0 0.0 0.0 0.0 0.0
0 0.0 0.0 0.0 0.0
0 0.2268041237113402 0.1532258064516129 0.05873711340206185 0.12211981566820276
0 0.40097050263897793 0.056451612903225805 0.03435567010309278 0.07142857142857142
0 0.0 0.0 0.0 0.0
0 0.0 0.0 0.0 0.0
0 0.32216494845360827 0.3467741935483871 0.12301546391752577 0.2557603686635945
