0 0.15104166666666666 0.375 0.11466666666666667 0.2
0 0.29270833333333335 0.3765625 0.09316666666666666 0.1625
0 0.31875 0.38125000000000003 0.091375 0.15937500000000002
0 0.41041666666666665 0.37812500000000004 0.09854166666666667 0.171875
0 0.5020833333333333 0.38125000000000003 0.09854166666666667 0.171875
0 0.6385416666666667 0.38671875 0.02777083333333333 0.0484375
0 0.653125 0.37343750000000003 0.043000000000000003 0.07500000000000001
0 0.6760416666666667 0.38046875 0.043895833333333335 0.0765625
0 0.7114583333333333 0.390625 0.03225 0.05625
0 0.6114583333333333 0.37421875000000004 0.03135416666666666 0.0546875
0 0.5635416666666666 0.36796875 0.034937499999999996 0.060937500000000006
