0 0.3520833333333333 0.4375 0.19708333333333333 0.34375
0 0.18125 0.421875 0.220375 0.384375
0 0.06354166666666666 0.39921875 0.19618750000000001 0.34218750000000003
0 1.190625 0.42109375000000004 0.09047916666666667 0.15781250000000002
0 0.8520833333333333 0.41250000000000003 0.06629166666666667 0.115625
0 0.9020833333333333 0.40793716755319154 0.0628512854609929 0.10962433510638299
0 0.9090218467570442 0.40937500000000004 0.06629166666666667 0.115625
0 1.1479166666666667 0.40156250000000004 0.050166666666666665 0.08750000000000001
0 0.55625 0.38984375000000004 0.03852083333333333 0.0671875
0 1.3109831871345028 0.41727061170212765 0.05946808510638297 0.10372340425531915
