0 0.0 0.0 0.0 0.0
0 0.30412371134020616 0.24308755760368664 0.09198453608247421 0.1912442396313364
0 0.5103092783505154 0.2465437788018433 0.09530927835051545 0.19815668202764977
0 0.0 0.0 0.0 0.0
0 0.0 0.0 0.0 0.0
0 0.0 0.0 0.0 0.0
0 0.36597938144329895 0.2304147465437788 0.07979381443298969 0.16589861751152074
0 0.43556701030927836 0.23617511520737328 0.0809020618556701 0.16820276497695852
0 0.0 0.0 0.0 0.0
0 0.0 0.0 0.0 0.0
0 0.21391752577319587 0.23617511520737328 0.08976804123711339 0.18663594470046083
0 0.37371134020618557 0.5993161094224925 0.17754831103312133 0.3691391312873812
0 0.6146907216494846 0.6065766251593293 0.17788314323316515 0.36983527796842824
0 0.461340206185567 0.6175482890479459 0.16183949330993636 0.33647906657515436
0 0.7358247422680412 0.6274610255907441 0.16694214740074576 0.3470879497989998
0 0.0 0.0 0.0 0.0
