0 0.0 0.0 0.0 0.0
0 0.3402061855670103 0.2883885675066183 0.09788182715507787 0.20350524561231492
0 0.5385169519393611 0.29409500931463867 0.10337118885720552 0.2149181292283557
0 0.0 0.0 0.0 0.0
0 0.0 0.0 0.0 0.0
0 0.0 0.0 0.0 0.0
0 0.3002577319587629 0.1935483870967742 0.07092783505154639 0.14746543778801843
0 0.39304123711340205 0.19815668202764977 0.07092783505154639 0.14746543778801843
0 0.0 0.0 0.0 0.0
0 0.0 0.0 0.0 0.0
0 0.0 0.0 0.0 0.0
0 0.33505154639175255 0.434331797235023 0.1318814432989691 0.27419354838709675
0 0.5618556701030928 0.4447004608294931 0.13298969072164948 0.2764976958525346
0 0.431701030927835 0.4539170506912442 0.12855670103092784 0.2672811059907834
0 0.6662371134020618 0.45506912442396313 0.12301546391752577 0.2557603686635945
0 0.24742268041237114 0.06221198156682028 0.037680412371134016 0.07834101382488479
