0 0.0 0.0 0.0 0.0
0 0.29896907216494845 0.2154377880184332 0.08755154639175257 0.18202764976958524
0 0.4922680412371134 0.21889400921658986 0.08865979381443298 0.18433179723502305
0 0.0 0.0 0.0 0.0
0 0.0 0.0 0.0 0.0
0 0.0 0.0 0.0 0.0
0 0.383424587711077 0.2657270320619669 0.08755154639175257 0.18202764976958524
0 0.4420103092783505 0.2626728110599078 0.0908762886597938 0.1889400921658986
0 0.0 0.0 0.0 0.0
0 0.0 0.0 0.0 0.0
0 0.24097938144329897 0.28225806451612906 0.10085051546391753 0.20967741935483872
0 0.452319587628866 0.7100328463574861 0.16436252467646414 0.3417246788900873
0 0.7550539305151351 0.7319418570448083 0.15701036411493746 0.3264388665555446
0 0.5554123711340206 0.6244239631336406 0.02881443298969072 0.059907834101382486
0 0.8144329896907216 0.6209677419354839 0.03213917525773196 0.06682027649769585
0 0.0 0.0 0.0 0.0
0 0.17494635722389382 0.07257329149916657 0.047661713094976986 0.0990930483380724
