0 0.0 0.0 0.0 0.0
0 0.37371134020618557 0.3433179723502304 0.12190721649484536 0.2534562211981567
0 0.5914948453608248 0.35253456221198154 0.126340206185567 0.2626728110599078
0 0.0 0.0 0.0 0.0
0 0.0 0.0 0.0 0.0
0 0.0 0.0 0.0 0.0
0 0.28885710057712227 0.17511520737327188 0.06649484536082474 0.1382488479262673
0 0.3788659793814433 0.1716589861751152 0.0631701030927835 0.1313364055299539
0 0.0 0.0 0.0 0.0
0 0.0 0.0 0.0 0.0
0 0.0 0.0 0.0 0.0
0 0.28350515463917525 0.358294930875576 0.11193298969072164 0.23271889400921658
0 0.6804123711340206 0.3629032258064516 0.11636597938144329 0.24193548387096775
0 0.4677835051546392 0.3721198156682028 0.1075 0.22350230414746544
0 0.7422680412371134 0.3617511520737327 0.09530927835051545 0.19815668202764977
0 0.24484536082474226 0.07027649769585254 0.03878865979381443 0.08064516129032258
0 0.181999046350647 0.07352436513383673 0.04491703224391313 0.09338660653005194
