0 0.0 0.0 0.0 0.0
0 0.3402061855670103 0.2950460829493088 0.10428608247422683 0.21682027649769592
0 0.0 0.0 0.0 0.0
0 0.0 0.0 0.0 0.0
0 0.0 0.0 0.0 0.0
0 0.31609262730396753 0.19791401117756646 0.07512738539153324 0.15619668594960295
0 0.39304123711340205 0.19815668202764977 0.07092783505154639 0.14746543778801843
0 0.0 0.0 0.0 0.0
0 0.0 0.0 0.0 0.0
0 0.0 0.0 0.0 0.0
0 0.336340206185567 0.43343219923521914 0.1349633143233165 0.2806010393175802
0 0.5541237113402062 0.44815668202764974 0.13631443298969073 0.2834101382488479
0 0.431701030927835 0.4539170506912442 0.12855670103092784 0.2672811059907834
0 0.6649484536082474 0.4596774193548387 0.12301546391752577 0.2557603686635945
0 0.24742268041237114 0.06336405529953917 0.036572164948453605 0.07603686635944701
0 0.5409432085368058 0.2893273850377488 0.10063829787234044 0.2092361996274145
