0 0.3002577319587629 0.7070325522110011 0.15261038604957228 0.3172909108736151
0 0.2693298969072165 0.14400921658986174 0.06760309278350515 0.14055299539170507
0 0.35695876288659795 0.14516129032258066 0.06649484536082474 0.1382488479262673
0 0.4233329633831533 0.38943278752818905 0.10863890107479711 0.22587018335130896
0 0.3376288659793814 0.391705069124424 0.1174742268041237 0.24423963133640553
0 0.22422680412371135 0.38018433179723504 0.1352061855670103 0.28110599078341014
0 0.43943298969072164 0.4631336405529954 0.13742268041237113 0.2857142857142857
0 0.5695876288659794 0.4596774193548387 0.13631443298969073 0.2834101382488479
0 0.2603092783505155 0.6309711736444749 0.15258680631717475 0.31724188645945667
0 0.15077319587628865 0.6676218256691833 0.16124528405352054 0.3352436513383666
0 0.5670103092783505 0.7132341406020198 0.1740915222636543 0.3619521521717815
0 0.0 0.0 0.0 0.0
0 0.0 0.0 0.0 0.0
0 0.0 0.0 0.0 0.0
0 0.0 0.0 0.0 0.0
0 0.0 0.0 0.0 0.0
0 0.31443298969072164 0.06336405529953917 0.041005154639175256 0.08525345622119816
