0 0.0 0.0 0.0 0.0
0 0.36597938144329895 0.33294930875576034 0.11858247422680411 0.2465437788018433
0 0.5902061855670103 0.33640552995391704 0.12190721649484536 0.2534562211981567
0 0.0 0.0 0.0 0.0
0 0.0 0.0 0.0 0.0
0 0.0 0.0 0.0 0.0
0 0.28070689258290993 0.18202764976958524 0.07092783505154639 0.14746543778801843
0 0.38917525773195877 0.17972350230414746 0.06871134020618556 0.14285714285714285
0 0.0 0.0 0.0 0.0
0 0.0 0.0 0.0 0.0
0 0.0 0.0 0.0 0.0
0 0.31443298969072164 0.3778801843317972 0.11525773195876288 0.23963133640552994
0 0.6507731958762887 0.3859447004608295 0.12301546391752577 0.2557603686635945
0 0.4265463917525773 0.3847926267281106 0.10860824742268041 0.22580645161290322
0 0.754755915092323 0.3874987743896461 0.10639175257731959 0.22119815668202764
0 0.24355670103092783 0.06912442396313365 0.039896907216494845 0.08294930875576037
