0 0.3121197734260675 0.5487474262182567 0.1621507457775828 0.3371261888420433
0 0.27190721649484534 0.12442396313364056 0.05984536082474226 0.12442396313364056
0 0.3646907216494845 0.12557603686635946 0.06095360824742268 0.12672811059907835
0 0.3582474226804124 0.3052995391705069 0.08755154639175257 0.18202764976958524
0 0.2615979381443299 0.3064516129032258 0.09752577319587628 0.20276497695852536
0 0.43556701030927836 0.43188302774781845 0.14282479710462823 0.296945778997941
0 0.43373883983623535 0.5959677419354839 0.15881185567010306 0.330184331797235
0 0.6226580098324536 0.599021962937543 0.15953339548146525 0.33168447887047753
0 0.0 0.0 0.0 0.0
0 0.0 0.0 0.0 0.0
0 0.0 0.0 0.0 0.0
0 0.0 0.0 0.0 0.0
0 0.0 0.0 0.0 0.0
0 0.0 0.0 0.0 0.0
0 0.0 0.0 0.0 0.0
0 0.0 0.0 0.0 0.0
0 0.2386646237195613 0.048963133640553 0.04599226804123711 0.0956221198156682
