0 0.0 0.0 0.0 0.0
0 0.28350515463917525 0.1923963133640553 0.07868556701030928 0.16359447004608296
0 0.43943298969072164 0.1923963133640553 0.0809020618556701 0.16820276497695852
0 0.4536082474226804 0.7248088047847828 0.1519784492213205 0.315977056574174
0 0.3170103092783505 0.7140920678497893 0.15496835928931788 0.32219335228944024
0 0.0 0.0 0.0 0.0
0 0.3904639175257732 0.30184331797235026 0.09752577319587628 0.20276497695852536
0 0.5038659793814433 0.3029953917050691 0.09420103092783504 0.195852534562212
0 0.0 0.0 0.0 0.0
0 0.0 0.0 0.0 0.0
0 0.3118556701030928 0.35023041474654376 0.11969072164948452 0.2488479262672811
0 0.0 0.0 0.0 0.0
0 0.0 0.0 0.0 0.0
0 0.0 0.0 0.0 0.0
0 0.0 0.0 0.0 0.0
0 0.0 0.0 0.0 0.0
0 0.27319587628865977 0.07027649769585254 0.047654639175257724 0.09907834101382489
