0 0.29896907216494845 0.5935165212275714 0.1520208927396359 0.3160653005196588
0 0.259020618556701 0.1313364055299539 0.06206185567010309 0.12903225806451613
0 0.3646907216494845 0.1347926267281106 0.0631701030927835 0.1313364055299539
0 0.38917525773195877 0.3317972350230415 0.09530927835051545 0.19815668202764977
0 0.2705178480409082 0.3398078242964996 0.10417525773195876 0.21658986175115208
0 0.31829896907216493 0.3870747132071772 0.12188599473568765 0.25341209922541424
0 0.4149484536082474 0.5437910579468576 0.1595994187321781 0.3318217472301206
0 0.5914948453608248 0.5537037944896558 0.1647020728229875 0.34243063045396605
0 0.0 0.0 0.0 0.0
0 0.0 0.0 0.0 0.0
0 0.0 0.0 0.0 0.0
0 0.0 0.0 0.0 0.0
0 0.0 0.0 0.0 0.0
0 0.0 0.0 0.0 0.0
0 0.0 0.0 0.0 0.0
0 0.0 0.0 0.0 0.0
0 0.25304900606718295 0.04435483870967742 0.04155927835051546 0.08640552995391705
