0 1.3030386097820308 0.44375000000000003 0.04120833333333333 0.07187500000000001
0 0.8980030568846358 0.4476894946808512 0.05285416666666667 0.0921875
0 0.6116311137692717 0.45234375000000004 0.06002083333333333 0.1046875
0 0.5126295853269538 0.45234375000000004 0.06002083333333333 0.1046875
0 0.42604166666666665 0.453125 0.06091666666666666 0.10625000000000001
0 0.39900152844231784 0.46328125000000003 0.06181249999999999 0.1078125
0 0.353125 0.465625 0.06091666666666666 0.10625000000000001
0 0.30217709164008505 0.45859375 0.06002083333333333 0.1046875
0 0.2635416666666667 0.4565575132978724 0.05877238475177298 0.10250997340425522
0 0.237601317450824 0.45727227393617026 0.0669111258865248 0.11670545212765955
0 0.1848069510898458 0.45078125 0.0671875 0.1171875
0 0.060320665536948426 0.45078125 0.0564375 0.09843750000000001
0 0.11584097554492288 0.45556848404255323 0.06495744680851064 0.11329787234042553
0 0.7580857921318447 0.3079621010638298 0.03842553191489363 0.06702127659574471
0 0.15840477139819242 0.44439827127659576 0.053978723404255365 0.09414893617021286
