0 0.0 0.0 0.0 0.0
0 0.28350515463917525 0.1912442396313364 0.07757731958762885 0.16129032258064516
0 0.44458762886597936 0.19815668202764977 0.07979381443298969 0.16589861751152074
0 0.4458762886597938 0.7191023629767624 0.1464890875191928 0.30456417295813315
0 0.30670103092783507 0.7202544367094813 0.1453808400965124 0.3022600254926953
0 0.0 0.0 0.0 0.0
0 0.39304123711340205 0.30184331797235026 0.09752577319587628 0.20276497695852536
0 0.5051546391752577 0.30069124423963134 0.09641752577319587 0.20046082949308755
0 0.0 0.0 0.0 0.0
0 0.0 0.0 0.0 0.0
0 0.3015463917525773 0.3444700460829493 0.11414948453608247 0.23732718894009217
0 0.0 0.0 0.0 0.0
0 0.0 0.0 0.0 0.0
0 0.0 0.0 0.0 0.0
0 0.0 0.0 0.0 0.0
0 0.0 0.0 0.0 0.0
0 0.2706185567010309 0.07027649769585254 0.047654639175257724 0.09907834101382489
