0 0.0 0.0 0.0 0.0
0 0.0 0.0 0.0 0.0
0 0.0 0.0 0.0 0.0
0 0.7512886597938144 0.19862486518286107 0.04699676464136872 0.09771055985880968
0 0.0 0.0 0.0 0.0
0 0.0 0.0 0.0 0.0
0 0.0 0.0 0.0 0.0
0 0.8530927835051546 0.3064516129032258 0.06427835051546392 0.1336405529953917
0 0.8389175257731959 0.3387096774193548 0.07092783505154639 0.14746543778801843
0 0.1056701030927835 0.31105990783410137 0.055412371134020616 0.1152073732718894
0 0.0 0.0 0.0 0.0
0 0.07345360824742268 0.3248847926267281 0.05762886597938144 0.11981566820276497
