0 0.0 0.0 0.0 0.0
0 0.27190721649484534 0.18087557603686635 0.07646907216494844 0.15898617511520738
0 0.42396907216494845 0.17972350230414746 0.07757731958762885 0.16129032258064516
0 0.4742268041237113 0.6503407196783999 0.17786899539372672 0.36980586331993337
0 0.3324742268041237 0.6451833513089519 0.17734080938802368 0.36870771644278855
0 0.0 0.0 0.0 0.0
0 0.4252577319587629 0.33325080890283365 0.10779003070848872 0.22410530444161195
0 0.5244845360824743 0.3294930875576037 0.10195876288659794 0.2119815668202765
0 0.0 0.0 0.0 0.0
0 0.0 0.0 0.0 0.0
0 0.40850515463917525 0.4032258064516129 0.13298969072164948 0.2764976958525346
0 0.0 0.0 0.0 0.0
0 0.0 0.0 0.0 0.0
0 0.0 0.0 0.0 0.0
0 0.0 0.0 0.0 0.0
0 0.0 0.0 0.0 0.0
0 0.32216494845360827 0.06912442396313365 0.04654639175257731 0.0967741935483871
