0 0.04061950307827618 0.4524720712560386 0.07915567282321902 0.5760869565217391
0 0.20271557932014783 0.31597770769690725 0.06313952379263403 0.12306158310244389
0 0.28578886933399456 0.3184727690715512 0.0430054610032081 0.134283887694817
0 0.9779794086565788 0.3064893697729192 0.06433279607132683 0.11313097759484228
0 0.21786459034414682 0.3144513588881604 0.04186795491143324 0.06247160042091165
0 0.1118298668204743 0.3951049214975845 0.22157640030761527 0.4057971014492755
0 0.32060029837397347 0.38446074241341766 0.2028985507246375 0.41304347826086957
0 0.09701986833380687 0.32196482487922706 0.058365421047645846 0.11917874396135253
0 0.8746503446231705 0.3411882141509696 0.2427315036010685 0.41127790876591963
0 0.9628142749584014 0.3785745179471874 0.237038725022371 0.38127477797423853
0 1.2446000912197863 0.33492150821596245 0.14818496641812923 0.2483861502347418
0 0.03969306864356943 0.3298581093101155 0.04182702842687926 0.09686135976129583
