0 0.0 0.0 0.0 0.0
0 0.327319587628866 0.27880184331797236 0.09974226804123712 0.2073732718894009
0 0.5244845360824743 0.28456221198156684 0.10528350515463918 0.21889400921658986
0 0.0 0.0 0.0 0.0
0 0.0 0.0 0.0 0.0
0 0.0 0.0 0.0 0.0
0 0.33505154639175255 0.20917982155113246 0.0770986510199605 0.16029512697323264
0 0.4110824742268041 0.20967741935483872 0.07536082474226803 0.15668202764976957
0 0.0 0.0 0.0 0.0
0 0.0 0.0 0.0 0.0
0 0.0 0.0 0.0 0.0
0 0.3376288659793814 0.4735023041474654 0.13853092783505155 0.2880184331797235
0 0.5708762886597938 0.4804147465437788 0.1429639175257732 0.29723502304147464
0 0.4420103092783505 0.4838709677419355 0.1352061855670103 0.28110599078341014
0 0.6533505154639175 0.48847926267281105 0.13077319587628866 0.271889400921659
0 0.2538659793814433 0.0576036866359447 0.037680412371134016 0.07834101382488479
