0 1.146875 0.44062500000000004 0.050166666666666665 0.08750000000000001
0 1.0854166666666667 0.44375000000000003 0.050166666666666665 0.08750000000000001
0 0.49374999999999997 0.45625000000000004 0.05554166666666666 0.096875
0 0.4010416666666667 0.45 0.05554166666666666 0.096875
0 0.23333333333333334 0.44609375 0.0564375 0.09843750000000001
0 0.15416666666666667 0.44609375 0.05464583333333333 0.09531250000000001
0 0.2657977804359383 0.45546875000000003 0.05285416666666667 0.0921875
0 0.20104166666666667 0.4421875 0.06091666666666666 0.10625000000000001
0 0.12395833333333334 0.45156250000000003 0.05375 0.09375
0 0.7580857921318447 0.3079621010638298 0.03842553191489363 0.06702127659574471
