0 0.08229166666666667 0.40546875000000004 0.11735416666666666 0.20468750000000002
0 0.25425305688463584 0.38203125000000004 0.14064583333333333 0.24531250000000002
0 0.3468318048910154 0.4254737367021276 0.09083178191489365 0.15842752659574477
0 0.4271265284423179 0.39911070478723404 0.12464472517730497 0.21740359042553195
0 0.490625 0.3961685505319149 0.10114339539007093 0.17641289893617024
0 0.6510848617756513 0.3848819813829787 0.1266269946808511 0.22086103723404263
0 0.7520833333333333 0.390625 0.12362499999999998 0.215625
0 0.16265782828282827 0.38375997340425533 0.048489361702127684 0.08457446808510644
0 1.1514935539606592 0.3989195478723404 0.11161702127659573 0.1946808510638298
0 1.0908874933545984 0.3981216755319149 0.10704255319148942 0.18670212765957458
0 1.2227322567783092 0.41966422872340425 0.09148936170212768 0.15957446808510645
