0 0.0 0.0 0.0 0.0
0 0.0 0.0 0.0 0.0
0 0.0 0.0 0.0 0.0
0 0.0 0.0 0.0 0.0
0 0.0 0.0 0.0 0.0
0 0.0 0.0 0.0 0.0
0 0.3054123711340206 0.10483870967741936 0.04987113402061856 0.10368663594470046
0 0.35745408507209925 0.10483870967741936 0.047654639175257724 0.09907834101382489
0 0.0 0.0 0.0 0.0
0 0.0 0.0 0.0 0.0
0 0.0 0.0 0.0 0.0
0 0.0 0.0 0.0 0.0
0 0.3337628865979381 0.18778801843317972 0.07425257731958762 0.1543778801843318
0 0.2268041237113402 0.19700460829493088 0.06981958762886598 0.14516129032258066
0 0.18069702724477546 0.21774193548387097 0.0720360824742268 0.1497695852534562
0 0.2345360824742268 0.14524218060594174 0.05992317394165384 0.12458574370036272
0 0.3965732336934181 0.056451612903225805 0.03435567010309278 0.07142857142857142
0 0.0 0.0 0.0 0.0
0 0.0 0.0 0.0 0.0
0 0.15621454644107927 0.3248847926267281 0.1174742268041237 0.24423963133640553
