0 0.140625 0.15156250000000002 0.11108333333333333 0.19375
0 0.2911458333333333 0.21601562500000002 0.10436458333333333 0.18203125
0 0.4088541666666667 0.197265625 0.13840625 0.24140625000000002
0 0.5567708333333333 0.146875 0.0833125 0.1453125
0 0.4875 0.12421875 0.050166666666666665 0.08750000000000001
0 0.6330284755449228 0.20674035904255322 0.12317708333333333 0.21484375
0 0.36415719696969695 0.12406083776595755 0.05123404255319147 0.08936170212765955
0 0.3237531565656565 0.12645445478723413 0.050319148936170205 0.08776595744680851
0 0.4481550704412546 0.10969913563829797 0.03476595744680847 0.06063829787234037
0 0.5225835659223818 0.0985289228723405 0.025617021276595736 0.044680851063829775
0 0.35139802631578937 0.1280501994680852 0.05397872340425531 0.09414893617021276
