0 0.0 0.0 0.0 0.0
0 0.49742268041237114 0.6637636042749289 0.16861630840096506 0.3505686832042356
0 0.7835051546391752 0.6932076674183744 0.16590935512173724 0.34494068045886855
0 0.0 0.0 0.0 0.0
0 0.0 0.0 0.0 0.0
0 0.0 0.0 0.0 0.0
0 0.32216494845360827 0.11635944700460829 0.05208762886597938 0.10829493087557604
0 0.3685567010309278 0.11720511814883813 0.04846813994296996 0.10076968330228456
0 0.0 0.0 0.0 0.0
0 0.0 0.0 0.0 0.0
0 0.0 0.0 0.0 0.0
0 0.0 0.0 0.0 0.0
0 0.375 0.20247328169428375 0.07564142355779778 0.1572654181782528
0 0.28962269192193224 0.2108294930875576 0.0720360824742268 0.1497695852534562
0 0.2963917525773196 0.22119815668202764 0.06871134020618556 0.14285714285714285
0 0.22422680412371135 0.12672811059907835 0.05762886597938144 0.11981566820276497
0 0.4005378664562061 0.06182713991567804 0.039526705417854816 0.08217962545347589
