0 0.3054123711340206 0.6700191195215217 0.1790668457995174 0.3722963035591724
0 0.25773195876288657 0.1382488479262673 0.06427835051546392 0.1336405529953917
0 0.36211340206185566 0.14055299539170507 0.06427835051546392 0.1336405529953917
0 0.42320039790197134 0.3705044612216884 0.1030599363895591 0.21427100696146678
0 0.31829896907216493 0.3640552995391705 0.11304123711340205 0.2350230414746544
0 0.26288659793814434 0.3836405529953917 0.13631443298969073 0.2834101382488479
0 0.4329896907216495 0.4942396313364055 0.1429639175257732 0.29723502304147464
0 0.5412371134020618 0.49539170506912444 0.14850515463917524 0.3087557603686636
0 0.0 0.0 0.0 0.0
0 0.0 0.0 0.0 0.0
0 0.0 0.0 0.0 0.0
0 0.0 0.0 0.0 0.0
0 0.0 0.0 0.0 0.0
0 0.0 0.0 0.0 0.0
0 0.0 0.0 0.0 0.0
0 0.2847938144329897 0.059753407196784014 0.04447844922132045 0.09247475242670847
