0 0.0 0.0 0.0 0.0
0 0.4832474226804124 0.6166364349446024 0.19199325509980256 0.3991714874007255
0 0.7461340206185567 0.6264560251005 0.17705785259925422 0.3681194234728895
0 0.0 0.0 0.0 0.0
0 0.0 0.0 0.0 0.0
0 0.0 0.0 0.0 0.0
0 0.31492831187622294 0.12557603686635946 0.05652061855670103 0.1175115207373272
0 0.36597938144329895 0.12788018433179724 0.054304123711340205 0.11290322580645161
0 0.0 0.0 0.0 0.0
0 0.0 0.0 0.0 0.0
0 0.0 0.0 0.0 0.0
0 0.21005154639175258 0.22235023041474655 0.07868556701030928 0.16359447004608296
0 0.413521062496917 0.21834738699872533 0.07810314762009217 0.16238356701637424
0 0.3389175257731959 0.22235023041474655 0.07425257731958762 0.1543778801843318
0 0.42912371134020616 0.23732718894009217 0.07536082474226803 0.15668202764976957
0 0.21391752577319587 0.10944700460829493 0.04987113402061856 0.10368663594470046
0 0.3809161199625117 0.0637292871850181 0.04135649265189731 0.08598391999215602
