0 0.0 0.0 0.0 0.0
0 0.3118556701030928 0.24769585253456222 0.09420103092783504 0.195852534562212
0 0.509020618556701 0.2523041474654378 0.09420103092783504 0.195852534562212
0 0.0 0.0 0.0 0.0
0 0.0 0.0 0.0 0.0
0 0.0 0.0 0.0 0.0
0 0.3622141107219783 0.2269585253456221 0.07868556701030928 0.16359447004608296
0 0.431701030927835 0.2304147465437788 0.07979381443298969 0.16589861751152074
0 0.0 0.0 0.0 0.0
0 0.0 0.0 0.0 0.0
0 0.2152061855670103 0.23271889400921658 0.08865979381443298 0.18433179723502305
0 0.37242268041237114 0.5910505931954113 0.18732918403158583 0.3894744582802235
0 0.6121134020618556 0.6031204039611726 0.1812078855012064 0.3767477203647416
0 0.45618556701030927 0.6176953622904207 0.17084695108576442 0.3552063927836063
0 0.7356551817688549 0.6169452887537993 0.16790891642904138 0.3490979507794881
0 0.0 0.0 0.0 0.0
