0 0.0 0.0 0.0 0.0
0 0.27319587628865977 0.15552995391705068 0.06981958762886598 0.14516129032258066
0 0.3698453608247423 0.15668202764976957 0.07092783505154639 0.14746543778801843
0 0.39819587628865977 0.43894009216589863 0.11636597938144329 0.24193548387096775
0 0.28350515463917525 0.4412442396313364 0.12966494845360826 0.2695852534562212
0 0.24355670103092783 0.3640552995391705 0.12855670103092784 0.2672811059907834
0 0.5167525773195876 0.4182027649769585 0.12079896907216493 0.2511520737327189
0 0.6134020618556701 0.4308755760368664 0.1352061855670103 0.28110599078341014
0 0.5231958762886598 0.6590621629571527 0.15301124150032902 0.31812432591430534
0 0.30954245383843865 0.7064834787724286 0.14764921035314754 0.30697617413471895
0 0.6713917525773195 0.6089346994803412 0.16463604957227462 0.342293362094323
0 0.0 0.0 0.0 0.0
0 0.0 0.0 0.0 0.0
0 0.0 0.0 0.0 0.0
0 0.0 0.0 0.0 0.0
0 0.0 0.0 0.0 0.0
0 0.3479381443298969 0.0632096283949407 0.04780319148936169 0.09938719482302184
