0 0.0 0.0 0.0 0.0
0 0.28575671254048896 0.2110280419648985 0.08995903706953277 0.18703304245514263
0 0.4726401289070849 0.20276497695852536 0.08201030927835051 0.17050691244239632
0 0.0 0.0 0.0 0.0
0 0.3904639175257732 0.2857142857142857 0.09530927835051545 0.19815668202764977
0 0.4768041237113402 0.28456221198156684 0.09198453608247421 0.1912442396313364
0 0.0 0.0 0.0 0.0
0 0.0 0.0 0.0 0.0
0 0.268806828458212 0.32142857142857145 0.10971649484536082 0.22811059907834103
0 0.0 0.0 0.0 0.0
0 0.0 0.0 0.0 0.0
0 0.0 0.0 0.0 0.0
0 0.0 0.0 0.0 0.0
0 0.2313452621713609 0.07142857142857142 0.04876288659793814 0.10138248847926268
