0 0.196875 0.38828125 0.13347916666666665 0.2328125
0 0.2925308595826687 0.40703125 0.23739583333333333 0.4140625
0 0.42291666666666666 0.38125000000000003 0.07704166666666666 0.134375
0 0.4791666666666667 0.37890625 0.0403125 0.0703125
0 0.5729166666666666 0.38092586436170217 0.04158000886524817 0.07252327127659566
0 0.6302083333333334 0.3828125 0.04658333333333333 0.08125
0 0.684375 0.38515625000000003 0.04747916666666666 0.08281250000000001
0 0.7251727804359384 0.3847988696808512 0.051510416666666614 0.08984374999999992
0 0.8041666666666667 0.39407413563829796 0.07129499113475173 0.12435172872340416
0 0.9395833333333333 0.39140625 0.0510625 0.0890625
0 1.0802083333333332 0.40546875000000004 0.15677083333333333 0.2734375
0 0.521875 0.38046875 0.03672916666666667 0.06406250000000001
