0 0.426102833535698 0.3155711728861505 0.07550004520912476 0.14703702627295975
0 0.48277382108237793 0.31138427109974426 0.07972839900855633 0.14827865989390926
0 0.6679340388782322 0.30711419259732886 0.08808236685374607 0.17167874396135263
0 0.17241137396987782 0.3255188061265366 0.04186795491143333 0.0792278829265599
0 0.3438616952078304 0.3144678451667912 0.06797137586425954 0.13981443098237248
0 0.6823324876636948 0.32127832836032955 0.09376873941756637 0.1731659828786587
0 0.5905992622831967 0.3124048536372577 0.09378760911941744 0.20133707530919429
0 0.29150513861868294 0.3229901676157272 0.04368941831036886 0.10694818785931318
0 0.6146937360536107 0.36873863512129246 0.17870208752071673 0.3132901443846251
0 0.6763615921308139 0.35918150020424844 0.15218385017050326 0.31148649074666107
0 0.9380015726701306 0.3008850854405751 0.09923475283833341 0.18169300052025214
0 1.0324757566277865 0.30768961658198696 0.0725759713530472 0.17051425275151894
0 0.08527604185684859 0.38853789251207727 0.16846875038036385 0.4245169082125604
0 0.14719430925516044 0.37367778784218997 0.14626642867291864 0.40940016103059573
0 1.241644347352467 0.30644253294614954 0.0676328502415456 0.15318378356777487
0 1.1879637266742442 0.3042884059081059 0.08537842190016107 0.23555555555555552
0 1.2569444444444442 0.32175176544488693 0.09012681159420287 0.23010528209750333
0 1.2490627748460863 0.4266175176056338 0.17062445030782716 0.6483274647887325
