0 0.0 0.0 0.0 0.0
0 0.0 0.0 0.0 0.0
0 0.0 0.0 0.0 0.0
0 0.0 0.0 0.0 0.0
0 0.0 0.0 0.0 0.0
0 0.0 0.0 0.0 0.0
0 0.2190721649484536 0.08179723502304148 0.0454381443298969 0.0944700460829493
0 0.3518041237113402 0.08525345622119816 0.04654639175257731 0.0967741935483871
0 0.0 0.0 0.0 0.0
0 0.0 0.0 0.0 0.0
0 0.0 0.0 0.0 0.0
0 0.0 0.0 0.0 0.0
0 0.0 0.0 0.0 0.0
0 0.0 0.0 0.0 0.0
0 0.0 0.0 0.0 0.0
0 0.211340206185567 0.20622119815668202 0.0720360824742268 0.1497695852534562
0 0.40097050263897793 0.05529953917050691 0.03324742268041237 0.06912442396313365
0 0.0 0.0 0.0 0.0
0 0.2152061855670103 0.31451612903225806 0.0986340206185567 0.20506912442396313
0 0.6087427448659136 0.5818340033336601 0.19619516341302917 0.4079076380037258
