0 0.0 0.0 0.0 0.0
0 0.3054123711340206 0.22235023041474655 0.08755154639175257 0.18202764976958524
0 0.5038659793814433 0.22580645161290322 0.0908762886597938 0.1889400921658986
0 0.0 0.0 0.0 0.0
0 0.0 0.0 0.0 0.0
0 0.0 0.0 0.0 0.0
0 0.37242268041237114 0.2569124423963134 0.08533505154639175 0.1774193548387097
0 0.44458762886597936 0.2569124423963134 0.08755154639175257 0.18202764976958524
0 0.0 0.0 0.0 0.0
0 0.0 0.0 0.0 0.0
0 0.23711340206185566 0.27419354838709675 0.09974226804123712 0.2073732718894009
0 0.3956185567010309 0.6900995195607412 0.1762184141259048 0.36637415432885584
0 0.7010309278350515 0.7091013824884793 0.17898195876288658 0.3721198156682028
0 0.5025773195876289 0.7170923619962742 0.16672049791620974 0.3466271203059124
0 0.790181727749552 0.7182444357289931 0.16561225049352932 0.34432297284047464
0 0.0 0.0 0.0 0.0
