0 0.32216494845360827 0.5 0.14628865979381442 0.30414746543778803
0 0.27190721649484534 0.11981566820276497 0.05984536082474226 0.12442396313364056
0 0.3556701030927835 0.12096774193548387 0.0631701030927835 0.1313364055299539
0 0.35695876288659795 0.29147465437788017 0.08533505154639175 0.1774193548387097
0 0.25773195876288657 0.2857142857142857 0.0908762886597938 0.1889400921658986
0 0.5515463917525774 0.47553926855574075 0.16487184689624915 0.3427836062359054
0 0.4497422680412371 0.6469384253358172 0.17016313884623815 0.3537846847730169
0 0.6134020618556701 0.6595033826845769 0.18003361482781308 0.3743063045396607
0 0.0 0.0 0.0 0.0
0 0.0 0.0 0.0 0.0
0 0.0 0.0 0.0 0.0
0 0.0 0.0 0.0 0.0
0 0.0 0.0 0.0 0.0
0 0.0 0.0 0.0 0.0
0 0.0 0.0 0.0 0.0
0 0.0 0.0 0.0 0.0
0 0.24392973412913727 0.0478110599078341 0.044884020618556696 0.09331797235023041
