0 0.24166666666666667 0.4546875 0.05554166666666666 0.096875
0 0.16145833333333334 0.4453125 0.05375 0.09375
0 0.3414639736177565 0.45390625 0.05285416666666667 0.0921875
0 0.40418773258904833 0.4541805186170213 0.05970633865248228 0.10413896276595747
0 0.45416666666666666 0.45969913563829795 0.06054499113475172 0.10560172872340418
0 0.5336033775252526 0.46132812500000003 0.05509375 0.09609375
0 0.5106326422115895 0.453125 0.05554166666666666 0.096875
0 0.6186636097820308 0.4579621010638299 0.053063829787234104 0.09255319148936181
0 0.734375 0.45421376329787244 0.056084884751772986 0.0978224734042552
0 0.5947916666666666 0.4605302526595745 0.056008643617021264 0.09768949468085104
0 0.5792530568846358 0.4613447473404255 0.0532830230496454 0.09293550531914896
0 0.8229166666666666 0.44765625000000003 0.06002083333333333 0.1046875
0 0.8835493088782563 0.4524102393617021 0.0564375 0.09843750000000001
0 1.0802083333333332 0.4472157579787235 0.04440093085106379 0.07744348404255313
0 1.1864583333333334 0.44296875 0.0564375 0.09843750000000001
0 1.261587918660287 0.44838763297872336 0.047574468085106424 0.08297872340425538
0 1.2322916666666666 0.44062500000000004 0.050166666666666665 0.08750000000000001
0 0.09166666666666666 0.4625 0.05554166666666666 0.096875
0 0.225 0.43125 0.03941666666666666 0.06875
0 0.32589015151515155 0.45504488031914897 0.05154853723404253 0.08991023936170209
0 1.3031583599149388 0.4448387632978724 0.04533488475177298 0.07907247340425522
0 0.7580857921318447 0.3079621010638298 0.03842553191489363 0.06702127659574471
