0 0.0 0.0 0.0 0.0
0 0.30670103092783507 0.23617511520737328 0.09198453608247421 0.1912442396313364
0 0.518041237113402 0.24078341013824886 0.09420103092783504 0.195852534562212
0 0.0 0.0 0.0 0.0
0 0.0 0.0 0.0 0.0
0 0.0 0.0 0.0 0.0
0 0.3711340206185567 0.23732718894009217 0.08201030927835051 0.17050691244239632
0 0.42912371134020616 0.24078341013824886 0.08311855670103092 0.1728110599078341
0 0.0 0.0 0.0 0.0
0 0.0 0.0 0.0 0.0
0 0.2268041237113402 0.2488479262672811 0.0908762886597938 0.1889400921658986
0 0.38520856969039285 0.619396509461712 0.1728700921254661 0.35941268751838423
0 0.6298946464098389 0.6459334248455731 0.18027884404474664 0.3748161584469066
0 0.4729381443298969 0.6566501617805667 0.17728893397674927 0.36859986273164036
0 0.7470280668869925 0.6553510148053731 0.1693897236236016 0.3521766839886263
0 0.0 0.0 0.0 0.0
