0 0.12083333333333333 0.38848902925531914 0.07769924645390072 0.13552194148936172
0 0.3385416666666667 0.3765625 0.05375 0.09375
0 0.3677083333333333 0.37031250000000004 0.05733333333333333 0.1
0 0.6795978535353535 0.3847490026595745 0.055112810283687926 0.09612699468085105
0 1.2666666666666666 0.3836685505319149 0.0868100620567376 0.15141289893617024
0 1.308576114766082 0.38359375 0.0833125 0.1453125
0 0.5448348617756513 0.37343750000000003 0.03583333333333333 0.0625
0 0.6572916666666666 0.38984375000000004 0.0456875 0.07968750000000001
0 0.8218816454013822 0.3678025265957447 0.04117021276595742 0.07180851063829784
0 0.7878571903242956 0.36939827127659575 0.037510638297872316 0.06542553191489357
0 0.4685622674109516 0.3701961436170213 0.032936170212766 0.057446808510638374
0 0.2094414540138224 0.38056848404255317 0.03934042553191489 0.06861702127659575
0 0.27111077884104196 0.3733876329787234 0.04025531914893615 0.07021276595744678
0 0.23602305954279637 0.3765791223404255 0.04025531914893615 0.07021276595744678
