0 0.5593475877192983 0.4681183510638298 0.16651063829787235 0.3168278529980658
0 0.5583729288499025 0.40370829303675054 0.16468085106382982 0.3133462282398453
0 0.5788407651072125 0.35844717117988395 0.14638297872340425 0.27852998065764023
0 0.4336165935672515 0.3601879835589943 0.13540425531914896 0.25764023210831727
0 0.357593201754386 0.30970442456479697 0.1408936170212766 0.2680851063829788
0 0.3342013888888889 0.3758552949709866 0.15004255319148932 0.28549323017408124
0 0.25427936159844056 0.35583595261121864 0.13082978723404254 0.24893617021276598
0 0.1470668859649123 0.3366870164410058 0.14180851063829789 0.269825918762089
0 0.49404544346978563 0.3253717359767892 0.14638297872340425 0.27852998065764023
0 0.7737725389863548 0.33407579787234043 0.1372340425531915 0.2611218568665377
0 0.6880025584795322 0.3419094535783366 0.14180851063829789 0.269825918762089
0 0.8478466130604289 0.5090274419729208 0.17657446808510638 0.33597678916827856
