0 0.0 0.0 0.0 0.0
0 0.36597938144329895 0.35599078341013823 0.12301546391752577 0.2557603686635945
0 0.5824742268041238 0.35944700460829493 0.126340206185567 0.2626728110599078
0 0.0 0.0 0.0 0.0
0 0.0 0.0 0.0 0.0
0 0.0 0.0 0.0 0.0
0 0.2809278350515464 0.1728110599078341 0.06649484536082474 0.1382488479262673
0 0.38273195876288657 0.17050691244239632 0.06427835051546392 0.1336405529953917
0 0.0 0.0 0.0 0.0
0 0.0 0.0 0.0 0.0
0 0.0 0.0 0.0 0.0
0 0.2809278350515464 0.3467741935483871 0.1075 0.22350230414746544
0 0.663659793814433 0.35253456221198154 0.11082474226804123 0.2304147465437788
0 0.48195876288659795 0.36059907834101385 0.10528350515463918 0.21889400921658986
0 0.7242268041237113 0.35714285714285715 0.09974226804123712 0.2073732718894009
0 0.24484536082474226 0.07258064516129033 0.041005154639175256 0.08525345622119816
