0 0.2706185567010309 0.1497695852534562 0.06649484536082474 0.1382488479262673
0 0.3672680412371134 0.1532258064516129 0.06981958762886598 0.14516129032258066
0 0.4017638402472911 0.41359447004608296 0.11193298969072164 0.23271889400921658
0 0.30670103092783507 0.41359447004608296 0.1252319587628866 0.26036866359447003
0 0.2345360824742268 0.37557603686635943 0.13077319587628866 0.271889400921659
0 0.4845360824742268 0.43894009216589863 0.1318814432989691 0.27419354838709675
0 0.6022994458968415 0.44150161780566727 0.12991253564378155 0.27010000980488286
0 0.452174690475016 0.6485464261202079 0.15397801052862467 0.32013432689479354
0 0.2821157861852382 0.6883052260025492 0.15232742926080275 0.31670261790371596
0 0.6237113402061856 0.6444872046279048 0.16337217591577102 0.3396656534954408
0 0.0 0.0 0.0 0.0
0 0.0 0.0 0.0 0.0
0 0.0 0.0 0.0 0.0
0 0.0 0.0 0.0 0.0
0 0.0 0.0 0.0 0.0
0 0.3324742268041237 0.06185655456417294 0.044671803026979616 0.0928767526228062
