0 0.0 0.0 0.0 0.0
0 0.0 0.0 0.0 0.0
0 0.0 0.0 0.0 0.0
0 0.0 0.0 0.0 0.0
0 0.0 0.0 0.0 0.0
0 0.0 0.0 0.0 0.0
0 0.7770618556701031 0.3052995391705069 0.06538659793814433 0.1359447004608295
0 0.7396907216494846 0.3421658986175115 0.0720360824742268 0.1497695852534562
0 0.20103092783505155 0.3122119815668203 0.05652061855670103 0.1175115207373272
0 0.11855670103092783 0.358294930875576 0.05873711340206185 0.12211981566820276
0 0.12371134020618557 0.33755760368663595 0.0631701030927835 0.1313364055299539
0 0.1655270145842582 0.32142857142857145 0.054304123711340205 0.11290322580645161
