0 0.30670103092783507 0.611238846945779 0.1624195547269138 0.3376850671634474
0 0.26288659793814434 0.13248847926267282 0.0631701030927835 0.1313364055299539
0 0.3634020618556701 0.1347926267281106 0.0631701030927835 0.1313364055299539
0 0.39304123711340205 0.3352534562211982 0.09198453608247421 0.1912442396313364
0 0.27148280142718556 0.3406853613099324 0.10429787234042555 0.21684478870477503
0 0.3054123711340206 0.39278115501519756 0.1273753564378153 0.26482498284145506
0 0.4265463917525773 0.550448573389548 0.16600367405132707 0.3451367781155016
0 0.5760309278350515 0.5554049416609471 0.16855500109673174 0.3504412197274243
0 0.0 0.0 0.0 0.0
0 0.0 0.0 0.0 0.0
0 0.0 0.0 0.0 0.0
0 0.0 0.0 0.0 0.0
0 0.0 0.0 0.0 0.0
0 0.0 0.0 0.0 0.0
0 0.0 0.0 0.0 0.0
0 0.0 0.0 0.0 0.0
0 0.25436130156694453 0.04768359643102263 0.03835715069094101 0.07974801451122662
