0 0.0 0.0 0.0 0.0
0 0.29381443298969073 0.2119815668202765 0.08422680412371134 0.17511520737327188
0 0.49460592084710364 0.2108294930875576 0.08533505154639175 0.1774193548387097
0 0.0 0.0 0.0 0.0
0 0.0 0.0 0.0 0.0
0 0.0 0.0 0.0 0.0
0 0.3801546391752577 0.2707373271889401 0.08755154639175257 0.18202764976958524
0 0.4574742268041237 0.2695852534562212 0.0908762886597938 0.1889400921658986
0 0.0 0.0 0.0 0.0
0 0.0 0.0 0.0 0.0
0 0.25773195876288657 0.29493087557603687 0.10417525773195876 0.21658986175115208
0 0.7731958762886598 0.6221198156682027 0.031030927835051545 0.06451612903225806
0 0.595360824742268 0.6405529953917051 0.013298969072164948 0.027649769585253454
0 0.8556701030927835 0.6382488479262672 0.015515463917525773 0.03225806451612903
0 0.0 0.0 0.0 0.0
0 0.18863965208240846 0.07258064516129033 0.04987113402061856 0.10368663594470046
