0 0.0 0.0 0.0 0.0
0 0.31958762886597936 0.2684331797235023 0.10085051546391753 0.20967741935483872
0 0.5167525773195876 0.27534562211981567 0.10085051546391753 0.20967741935483872
0 0.0 0.0 0.0 0.0
0 0.0 0.0 0.0 0.0
0 0.0 0.0 0.0 0.0
0 0.34664948453608246 0.20852534562211983 0.07425257731958762 0.1543778801843318
0 0.4252577319587629 0.2154377880184332 0.07646907216494844 0.15898617511520738
0 0.0 0.0 0.0 0.0
0 0.0 0.0 0.0 0.0
0 0.33505154639175255 0.5011520737327189 0.14739690721649484 0.3064516129032258
0 0.586340206185567 0.5011520737327189 0.14739690721649484 0.3064516129032258
0 0.4574742268041237 0.5126728110599078 0.13631443298969073 0.2834101382488479
0 0.6829896907216495 0.5149769585253456 0.1340979381443299 0.27880184331797236
0 0.2538659793814433 0.05529953917050691 0.03546391752577319 0.07373271889400922
