0 0.0 0.0 0.0 0.0
0 0.422680412371134 0.4435483870967742 0.14518041237113402 0.30184331797235026
0 0.6533505154639175 0.4539170506912442 0.15293814432989689 0.31797235023041476
0 0.0 0.0 0.0 0.0
0 0.0 0.0 0.0 0.0
0 0.0 0.0 0.0 0.0
0 0.3170103092783505 0.14861751152073732 0.06095360824742268 0.12672811059907835
0 0.3788659793814433 0.14746543778801843 0.05984536082474226 0.12442396313364056
0 0.0 0.0 0.0 0.0
0 0.0 0.0 0.0 0.0
0 0.0 0.0 0.0 0.0
0 0.2706185567010309 0.2799539170506912 0.09420103092783504 0.195852534562212
0 0.47036082474226804 0.28456221198156684 0.09420103092783504 0.195852534562212
0 0.3853092783505155 0.28654034709285225 0.0850214411055056 0.17676733013040494
0 0.5463917525773195 0.29147465437788017 0.08533505154639175 0.1774193548387097
0 0.22809278350515463 0.08755760368663594 0.04211340206185567 0.08755760368663594
0 0.22164948453608246 0.07373271889400922 0.05097938144329897 0.10599078341013825
