0 0.5197916666666667 0.4502742686170213 0.055227171985815615 0.09632646276595747
0 0.3537301634768739 0.44947639627659575 0.056142065602836876 0.09792220744680852
0 0.93125 0.446875 0.05375 0.09375
0 0.8624568048910155 0.4476894946808512 0.05285416666666667 0.0921875
0 0.8333333333333334 0.45234375000000004 0.0510625 0.0890625
0 0.7565300870547581 0.44793051861702127 0.052539671985815606 0.09163896276595747
0 0.6885416666666666 0.44765625000000003 0.05464583333333333 0.09531250000000001
0 0.7235627824295588 0.45266788563829796 0.052482491134751716 0.09153922872340417
0 1.0625 0.44713264627659577 0.05345456560283688 0.0932347074468085
0 1.0458333333333334 0.45078125 0.05285416666666667 0.0921875
0 1.0260416666666667 0.453125 0.051958333333333336 0.09062500000000001
0 0.9895833333333334 0.44843750000000004 0.05554166666666666 0.096875
0 1.3010416666666667 0.44140625 0.058229166666666665 0.1015625
0 1.2052734831871343 0.44713264627659577 0.05345456560283688 0.0932347074468085
0 1.2416666666666667 0.4625 0.06270833333333332 0.109375
0 0.7580857921318447 0.3079621010638298 0.03842553191489363 0.06702127659574471
