0 0.0 0.0 0.0 0.0
0 0.27319587628865977 0.18548387096774194 0.07646907216494844 0.15898617511520738
0 0.42809709959058845 0.18202764976958524 0.07536082474226803 0.15668202764976957
0 0.4823071326394712 0.6506495734875968 0.15378465672296557 0.31973232669869595
0 0.3247422680412371 0.6452912050201 0.1552796117569642 0.32284047455632897
0 0.0 0.0 0.0 0.0
0 0.41878052088985346 0.3191244239631336 0.09420103092783504 0.195852534562212
0 0.5115979381443299 0.32373271889400923 0.10306701030927835 0.21428571428571427
0 0.0 0.0 0.0 0.0
0 0.0 0.0 0.0 0.0
0 0.3756566615695752 0.391705069124424 0.13077319587628866 0.271889400921659
0 0.0 0.0 0.0 0.0
0 0.0 0.0 0.0 0.0
0 0.0 0.0 0.0 0.0
0 0.0 0.0 0.0 0.0
0 0.0 0.0 0.0 0.0
0 0.3118556701030928 0.06912442396313365 0.04654639175257731 0.0967741935483871
