0 0.803125 0.4510555186170213 0.05612300531914895 0.09788896276595747
0 0.5291666666666667 0.45732214095744683 0.061478945035461016 0.10723071808510642
0 0.4271265284423179 0.4525681515957447 0.059687278368794346 0.10410571808510644
0 0.3833333333333333 0.462749335106383 0.06038297872340421 0.10531914893617014
0 0.34791666666666665 0.4549617686170213 0.06060217198581561 0.10570146276595747
0 0.3104166666666667 0.45859375 0.0671875 0.1171875
0 0.279170836656034 0.45955784574468095 0.06038297872340421 0.10531914893617014
0 0.2611952086656034 0.4604471409574468 0.06506227836879434 0.11348071808510643
0 0.23333333333333334 0.45649102393617025 0.06601529255319147 0.11514295212765956
0 0.16683402279372672 0.4526346409574468 0.05610394503546102 0.09785571808510643
0 0.11471291866028709 0.4486120345744681 0.06429986702127663 0.1121509308510639
0 0.0375 0.44708277925531914 0.05888674645390074 0.10270944148936177
0 0.7580857921318447 0.3063663563829787 0.03842553191489363 0.06702127659574471
