0 0.0 0.0 0.0 0.0
0 0.30412371134020616 0.22926267281105991 0.08976804123711339 0.18663594470046083
0 0.5077319587628866 0.22926267281105991 0.08976804123711339 0.18663594470046083
0 0.0 0.0 0.0 0.0
0 0.0 0.0 0.0 0.0
0 0.0 0.0 0.0 0.0
0 0.36597938144329895 0.2488479262672811 0.08422680412371134 0.17511520737327188
0 0.4329896907216495 0.2511520737327189 0.08644329896907216 0.17972350230414746
0 0.0 0.0 0.0 0.0
0 0.0 0.0 0.0 0.0
0 0.24097938144329897 0.26152073732718895 0.09420103092783504 0.195852534562212
0 0.38273195876288657 0.6677149720560839 0.18128334064487825 0.37690459849004804
0 0.6585390667390124 0.687192371801157 0.18450433209037068 0.38360133346406505
0 0.4961340206185567 0.7079493087557603 0.180090206185567 0.37442396313364057
0 0.753696418882257 0.7067972350230415 0.1811984536082474 0.37672811059907835
0 0.0 0.0 0.0 0.0
