0 0.0 0.0 0.0 0.0
0 0.3170103092783505 0.26036866359447003 0.09974226804123712 0.2073732718894009
0 0.5103092783505154 0.2661290322580645 0.10085051546391753 0.20967741935483872
0 0.0 0.0 0.0 0.0
0 0.0 0.0 0.0 0.0
0 0.0 0.0 0.0 0.0
0 0.3530927835051546 0.2154377880184332 0.07646907216494844 0.15898617511520738
0 0.42912371134020616 0.2154377880184332 0.07646907216494844 0.15898617511520738
0 0.0 0.0 0.0 0.0
0 0.0 0.0 0.0 0.0
0 0.18814432989690721 0.2108294930875576 0.0809020618556701 0.16820276497695852
0 0.3440721649484536 0.5275149524463182 0.1661074248738758 0.34535248553779774
0 0.5824742268041238 0.5361285420139229 0.1633108686115376 0.3395381900186293
0 0.4574742268041237 0.5476492793411118 0.15222839438473348 0.3164967153642514
0 0.6778350515463918 0.5488013530738307 0.15112014696205306 0.3141925678988136
0 0.25257731958762886 0.06352828708696931 0.04337963369159902 0.090190214726934
0 0.18041237113402062 0.07949308755760369 0.041005154639175256 0.08525345622119816
