0 0.29510309278350516 0.6889474458280224 0.17732666154858526 0.3686783017942936
0 0.259020618556701 0.14055299539170507 0.06649484536082474 0.1382488479262673
0 0.3595360824742268 0.14170506912442396 0.06538659793814433 0.1359447004608295
0 0.41881443298969073 0.3789170506912442 0.10960567010309274 0.2278801843317972
0 0.32603092783505155 0.37442396313364057 0.11414948453608247 0.23732718894009217
0 0.2384020618556701 0.3824884792626728 0.13298969072164948 0.2764976958525346
0 0.43943298969072164 0.48847926267281105 0.13963917525773195 0.2903225806451613
0 0.5592783505154639 0.48847926267281105 0.14850515463917524 0.3087557603686636
0 0.0 0.0 0.0 0.0
0 0.0 0.0 0.0 0.0
0 0.0 0.0 0.0 0.0
0 0.0 0.0 0.0 0.0
0 0.0 0.0 0.0 0.0
0 0.0 0.0 0.0 0.0
0 0.29688707476282084 0.05499803902343372 0.04722313007238431 0.09818119423472893
