0 0.1625 0.41015625 0.1424375 0.2484375
0 0.38125 0.38493184840425543 0.12119481382978715 0.21138630319148924
0 0.42916666666666664 0.3796875 0.09316666666666666 0.1625
0 0.6082469431153642 0.3860039893617022 0.059125 0.10312500000000001
0 0.6750863902179691 0.41640625000000003 0.04747916666666666 0.08281250000000001
0 0.7066884054359384 0.38359375 0.0510625 0.0890625
0 0.7479166666666667 0.39453125 0.07614583333333333 0.1328125
0 0.8677083333333333 0.3953125 0.09495833333333333 0.16562500000000002
0 0.9541666666666666 0.4265625 0.06629166666666667 0.115625
0 0.9125 0.38671875 0.07077083333333332 0.1234375
0 1.003125 0.3953125 0.06808333333333333 0.11875000000000001
0 1.1375 0.39687500000000003 0.06987499999999999 0.12187500000000001
0 1.24375 0.39463929521276603 0.09573027482269496 0.166971409574468
0 0.6836572966507177 0.38854720744680865 0.04848936170212763 0.08457446808510634
