0 0.3247422680412371 0.46668545935876066 0.13862288879140164 0.2882096283949407
0 0.27963917525773196 0.11290322580645161 0.05762886597938144 0.11981566820276497
0 0.3543814432989691 0.11635944700460829 0.05873711340206185 0.12211981566820276
0 0.35695876288659795 0.2752745367192862 0.08305017547707827 0.1726688891067751
0 0.2551546391752577 0.2684331797235023 0.08976804123711339 0.18663594470046083
0 0.6469072164948454 0.5030811844298461 0.16033510638297868 0.33335130895185794
0 0.43443146878442596 0.6901534464163153 0.16518781531037505 0.34344053338562597
0 0.6198453608247423 0.6991151093244437 0.16937557578416323 0.3521472693401315
0 0.0 0.0 0.0 0.0
0 0.0 0.0 0.0 0.0
0 0.0 0.0 0.0 0.0
0 0.0 0.0 0.0 0.0
0 0.0 0.0 0.0 0.0
0 0.0 0.0 0.0 0.0
0 0.0 0.0 0.0 0.0
0 0.0 0.0 0.0 0.0
0 0.22930950854173857 0.04665898617511521 0.043775773195876284 0.09101382488479262
