0 0.0375 0.38984375000000004 0.2445625 0.4265625
0 0.17395833333333333 0.37343750000000003 0.1505 0.2625
0 0.396875 0.38359375 0.12452083333333332 0.2171875
0 0.484375 0.3765625 0.05554166666666666 0.096875
0 0.5552083333333333 0.37734375000000003 0.04747916666666666 0.08281250000000001
0 0.6072916666666667 0.37578125 0.05464583333333333 0.09531250000000001
0 0.659375 0.37890625 0.04927083333333333 0.0859375
0 0.6791666666666667 0.41640625000000003 0.058229166666666665 0.1015625
0 0.703125 0.39140625 0.09047916666666667 0.15781250000000002
0 0.7635416666666667 0.3976313164893618 0.11379942375886518 0.19848736702127648
0 0.8208333333333333 0.38359375 0.08510416666666668 0.1484375
0 0.86875 0.43203125000000003 0.07972916666666666 0.1390625
0 0.9395833333333333 0.403125 0.06270833333333332 0.109375
0 0.981003447301967 0.3901346409574469 0.07043727836879425 0.12285571808510626
0 1.0364583333333333 0.4 0.08958333333333333 0.15625
0 1.0697916666666667 0.375 0.06808333333333333 0.11875000000000001
0 1.3135416666666666 0.403125 0.1075 0.1875
