0 0.0 0.0 0.0 0.0
0 0.30670103092783507 0.24078341013824886 0.09198453608247421 0.1912442396313364
0 0.5128865979381443 0.24078341013824886 0.09420103092783504 0.195852534562212
0 0.0 0.0 0.0 0.0
0 0.0 0.0 0.0 0.0
0 0.0 0.0 0.0 0.0
0 0.3698453608247423 0.23732718894009217 0.08201030927835051 0.17050691244239632
0 0.42912371134020616 0.24078341013824886 0.08311855670103092 0.1728110599078341
0 0.0 0.0 0.0 0.0
0 0.0 0.0 0.0 0.0
0 0.2229381443298969 0.24308755760368664 0.09198453608247421 0.1912442396313364
0 0.37628865979381443 0.620347583096382 0.17561477297652994 0.36511912932640456
0 0.6172680412371134 0.6359667614472008 0.18620678876946703 0.3871408961662909
0 0.46649484536082475 0.6595033826845769 0.18003361482781308 0.3743063045396607
0 0.7538659793814433 0.6720683400333366 0.18990409080938797 0.3948279243063045
0 0.0 0.0 0.0 0.0
