0 0.0 0.0 0.0 0.0
0 0.27835051546391754 0.18548387096774194 0.07646907216494844 0.15898617511520738
0 0.4306096778967099 0.18277772330620656 0.07425257731958762 0.1543778801843318
0 0.49742268041237114 0.679985782919894 0.17313890107479704 0.35997156583978807
0 0.327319587628866 0.6658667516423179 0.16842295459530598 0.350166683008138
0 0.0 0.0 0.0 0.0
0 0.41365979381443296 0.3248847926267281 0.09974226804123712 0.2073732718894009
0 0.5154639175257731 0.3191244239631336 0.0986340206185567 0.20506912442396313
0 0.0 0.0 0.0 0.0
0 0.0 0.0 0.0 0.0
0 0.36597938144329895 0.38018433179723504 0.12412371134020618 0.25806451612903225
0 0.0 0.0 0.0 0.0
0 0.0 0.0 0.0 0.0
0 0.0 0.0 0.0 0.0
0 0.0 0.0 0.0 0.0
0 0.0 0.0 0.0 0.0
0 0.3092526595307387 0.06912442396313365 0.04654639175257731 0.0967741935483871
