0 0.0 0.0 0.0 0.0
0 0.3956185567010309 0.4078341013824885 0.13742268041237113 0.2857142857142857
0 0.6069587628865979 0.423963133640553 0.14185567010309277 0.29493087557603687
0 0.0 0.0 0.0 0.0
0 0.0 0.0 0.0 0.0
0 0.0 0.0 0.0 0.0
0 0.30927835051546393 0.1543778801843318 0.05762886597938144 0.11981566820276497
0 0.37628865979381443 0.15898617511520738 0.06206185567010309 0.12903225806451613
0 0.0 0.0 0.0 0.0
0 0.0 0.0 0.0 0.0
0 0.0 0.0 0.0 0.0
0 0.297680412371134 0.3029953917050691 0.0986340206185567 0.20506912442396313
0 0.5128865979381443 0.30184331797235026 0.09974226804123712 0.2073732718894009
0 0.431701030927835 0.3087557603686636 0.08865979381443298 0.18433179723502305
0 0.6047760568243477 0.31288116482008044 0.09218967975433211 0.19167075203451323
0 0.23324742268041238 0.08179723502304148 0.041005154639175256 0.08525345622119816
0 0.18535428895575393 0.07258064516129033 0.04987113402061856 0.10368663594470046
