0 0.0 0.0 0.0 0.0
0 0.2693298969072165 0.173963133640553 0.07425257731958762 0.1543778801843318
0 0.40463917525773196 0.1728110599078341 0.07757731958762885 0.16129032258064516
0 0.44458762886597936 0.5829468575350525 0.1640182605834613 0.3410089224433768
0 0.3000388447689044 0.581191783508187 0.17119593112524675 0.3559319541131483
0 0.0 0.0 0.0 0.0
0 0.4763694322497903 0.3534782821845279 0.1139490568107041 0.23691048141974705
0 0.5734536082474226 0.35253456221198154 0.10860824742268041 0.22580645161290322
0 0.0 0.0 0.0 0.0
0 0.0 0.0 0.0 0.0
0 0.48944511583551187 0.4539170506912442 0.15072164948453606 0.31336405529953915
0 0.0 0.0 0.0 0.0
0 0.0 0.0 0.0 0.0
0 0.0 0.0 0.0 0.0
0 0.0 0.0 0.0 0.0
0 0.0 0.0 0.0 0.0
0 0.3337628865979381 0.06682027649769585 0.04432989690721649 0.09216589861751152
